data/gpw-v4-population-density-adjusted-to-2015-unwpp-country-totals-rev11_2020_1_deg_asc/gpw_v4_population_density_adjusted_to_2015_unwpp_country_totals_rev11_2020_1_deg.asc
ncols         360
nrows         180
xllcorner     -180
yllcorner     -89.999999999999
cellsize      1.0000000000001
NODATA_value  -9999
[rows 32 to 63 of 180, columns 213 to 283 of 360]
9.355191 21.46735 12.83568 7.987436 13.59568 40.13007 103.5849 75.42467 43.60205 23.10867 5.544372 6.323509 8.628547 10.14631 6.823019 8.79321 8.560772 4.806849 5.314268 10.6052 21.35104 14.99053 75.82539 85.97728 14.14665 18.05916 55.59976 37.67644 34.12921 13.71201 11.074 6.708918 111.5197 6.318189 3.264684 1.804801 1.702155 1.821467 1.527773 1.323202 2.359938 2.84488 1.992976 0.4863073 0.4340786 0.4354762 0.7531798 0.6338321 1.119566 1.419786 2.370171 3.558333 5.015857 1.399344 0.9510086 0.6186563 0.7673796 0.7631394 0.9144396 1.676353 1.995437 1.260832 1.351882 1.514205 1.557838 2.247666 1.272692 0.9740319 0.491507 7.453539 1.918221
4.594029 14.61609 63.19792 53.44268 133.9277 86.6801 27.464 87.366 65.33819 22.85816 233.7226 65.08826 10.23071 14.66548 132.9753 29.10431 20.76776 20.23015 16.95304 26.4342 125.0834 45.38514 14.00107 12.45325 14.08369 10.19735 24.70736 243.8166 49.81005 20.58571 18.38372 6.355948 11.61634 16.48764 6.407106 5.972479 15.30856 4.228333 2.720381 2.261935 2.833137 4.39715 2.98924 1.804579 1.808428 0.974739 1.012464 0.8203265 0.9083805 1.259756 4.465582 56.50503 63.13904 13.37788 6.399209 5.476961 5.258367 25.22005 3.26492 71.18849 45.02459 14.53363 18.21931 4.054718 3.702308 2.326729 1.339619 1.549519 40.17957 1.835784 2.306594
12.71679 13.7896 21.90837 112.1716 2322.725 277.2708 57.72625 23.86093 20.43554 40.29145 36.87624 20.27904 15.54963 25.94966 42.34196 73.3018 201.7656 25.03112 64.90819 113.0153 19.42894 22.58881 22.36818 12.82499 12.63231 14.20892 30.05274 45.69064 202.0555 8.835944 7.044193 8.859109 51.52831 4.982809 4.548043 8.211429 17.10028 4.275848 6.464818 8.037984 67.5281 7.502955 5.866648 4.730023 6.24615 7.223275 3.078944 2.35958 4.013267 92.70427 34.37327 20.83973 30.41813 68.67282 3.624249 4.64822 11.97858 6.893665 2.962113 55.9738 7.938814 7.158609 2.568962 3.309721 2.719742 1.914415 1.330764 1.701733 1.932881 1.837746 1.06574
15.92894 12.05003 18.66695 69.61531 133.0567 61.35137 93.71642 13.21904 17.75201 12.84666 26.34345 19.12255 62.12653 19.20161 17.13428 129.8786 28.85599 19.24984 21.08853 42.6026 48.92463 28.88309 67.07992 127.6678 13.78098 18.52822 27.90347 21.30672 47.10492 6.833686 4.503055 5.831765 3.904617 2.963817 3.375688 12.41517 12.24254 3.533005 8.688567 10.0738 113.2835 10.43421 5.507251 3.784992 5.96896 5.377922 4.269117 4.420808 6.55256 68.92899 98.44688 7.592161 18.04316 48.36391 4.579145 5.561954 4.543261 4.269143 4.10162 2.089979 1.998289 1.841845 1.551394 1.38079 1.595842 1.413073 1.411036 7.788527 2.836269 6.961071 0.7640523
17.54122 83.34875 12.81875 24.66318 26.94172 39.90699 21.41991 16.40915 16.05765 12.47711 16.69775 45.22204 66.94315 26.03235 13.2601 44.40627 181.3624 170.9072 22.22194 18.83998 10.23759 12.54185 68.52293 27.11615 7.628931 32.27563 42.707 9.983301 5.17893 7.877232 34.98238 8.582203 2.952381 2.565678 3.400957 6.467733 16.03147 6.752921 1.698936 1.354314 2.487669 3.42649 1.89283 2.281786 4.871274 8.354954 6.372458 4.713465 10.93467 8.51967 106.2194 13.32793 5.559583 41.99973 87.69323 10.4171 5.118933 5.142058 56.11557 2.958028 1.579983 1.525251 1.121066 0.7349312 0.7595046 1.139743 1.349745 1.957259 2.708154 8.567197 13.66259
18.22021 14.0218 26.61417 47.39917 19.34233 33.23889 94.8378 30.5062 63.62466 14.87296 17.0496 16.44289 13.13049 13.28674 19.8438 17.03812 20.07293 13.03601 8.490665 18.16508 9.964356 6.916165 19.25511 10.49576 4.716473 17.76147 4.844666 6.397444 3.541364 6.427495 15.53441 4.461654 1.826548 2.808397 2.760356 3.88743 11.30215 6.053626 1.778133 1.586088 1.323277 4.157402 4.071729 19.23349 35.38887 9.283091 7.274552 6.756998 7.524681 10.04089 6.09347 16.63088 28.44536 3.736714 2.745996 3.239757 1.458421 5.25525 5.695596 1.50803 1.207578 1.641245 0.8675528 0.143478 0.143478 0.2122281 0.2042707 0.3907593 1.474245 3.470802 48.77241
44.52166 21.42244 27.01519 69.81718 42.31962 38.11385 163.7359 20.4972 17.48161 26.26587 17.65083 10.23058 97.98013 72.19351 25.6489 12.83427 6.952916 17.24046 19.64414 11.16627 7.141748 9.891794 77.07195 7.023247 10.43869 50.40892 7.800733 4.507266 2.853945 0.9492539 1.497937 0.9186988 1.5343 1.572082 1.421905 3.447944 3.125492 33.88026 71.3043 9.978419 2.078656 6.654428 5.133577 4.053738 5.028361 1.593785 3.406877 4.501413 25.94469 5.856288 3.220191 4.364828 12.1871 5.480223 1.0598 0.7967119 1.27285 3.526794 2.240951 2.685438 2.619845 17.429 0.8390254 0.4096634 0.3828548 0.359189 0.4033306 0.5723541 0.848793 1.873338 7.379911
27.60579 64.06184 30.62762 188.8831 31.31246 27.97851 29.96624 23.58366 14.00306 13.0628 16.40127 9.921752 29.17801 8.285948 5.856387 5.651312 3.247227 6.291652 4.642447 2.101841 2.593726 2.701284 2.391731 11.65344 69.36415 3.07301 3.073985 1.265766 0.7602283 0.4922577 0.3707847 0.4594549 0.5747232 1.378497 1.478469 1.718288 0.7442982 15.22883 53.26241 9.046681 17.44981 28.57804 2.172655 1.001958 1.500719 2.740396 8.055033 9.514642 11.84381 10.94338 10.38022 3.894179 1.480834 1.333995 0.936197 0.7110834 1.029278 1.349626 1.796165 2.932597 1.227013 1.231209 0.9757311 0.5768766 0.2034177 0.504906 0.627449 0.8058573 0.3677654 1.017206 1.618829
69.32569 62.6728 30.17086 142.56 31.61151 24.27853 18.21602 15.75607 8.656815 6.230906 11.04843 8.619543 9.176932 3.790835 1.716564 1.753164 1.42242 1.234336 1.372119 1.334706 1.385721 1.472981 1.827822 3.185088 3.084456 2.435923 1.417168 0.4731671 0.437042 0.3929651 0.3214352 0.3438677 0.5577512 1.202903 1.382702 0.4341273 0.3809614 0.4106052 2.065644 17.9058 28.72648 12.90309 1.293045 2.203829 11.06217 8.707906 2.876591 2.241422 6.277118 24.26121 11.01848 4.061554 1.799752 1.376171 0.912294 1.067335 1.933984 0.9385033 1.839498 0.6716487 0.4940977 0.5124667 0.7298144 0.46132 0.5297757 0.7189014 0.9901029 5.518405 1.392391 0.8174505 0.4940916
57.30588 116.7655 122.197 32.29028 180.5025 211.0968 127.4809 39.92364 14.08 8.461065 12.17107 185.7176 9.082479 8.637687 1.566947 1.024337 1.134521 1.672838 2.266402 1.855021 1.323059 1.261721 0.6744739 1.040707 2.110755 1.547209 0.95068 0.5081407 0.3947869 0.3392799 0.3314432 0.9068329 1.211603 1.308902 1.310647 1.265113 0.8947467 0.6928385 0.7451064 0.6097445 0.5873193 1.379825 1.848177 1.854395 3.768807 2.647025 0.9725129 1.318263 1.538802 1.794086 1.481531 1.089253 1.922027 6.997361 2.008782 3.848125 3.769437 1.175571 1.760877 0.5134407 0.2729391 0.2962762 0.3796968 0.3298011 0.5033205 0.9704714 1.226133 1.153427 1.200375 0.9910647 1.861474
88.61777 63.30583 124.987 20.75272 171.7355 95.78999 207.471 82.19096 19.37272 33.83448 7.217675 3.027325 2.424625 5.026511 5.04069 4.076283 2.480089 2.033036 6.872489 16.38162 3.652871 2.380248 0.4144831 0.329056 0.4941993 0.7679222 0.7077878 0.7860018 1.44905 0.8217326 0.8314205 1.275359 1.310647 1.310647 1.310647 1.30716 0.8784973 0.7452279 0.6887196 0.5916329 0.7881546 1.48157 2.144343 2.137724 1.632047 1.576933 1.497972 2.354885 2.220349 1.882331 2.394322 2.585219 5.309305 8.992638 21.27278 10.41979 3.167875 1.615722 2.951901 0.665924 0.3743848 0.2618254 0.2953244 1.787449 0.3082878 0.4433955 0.6142433 0.8261504 3.062216 1.763435 1.417291
43.23076 21.70741 58.49365 67.87035 54.57084 49.66052 36.48023 23.50867 21.49949 10.89196 4.984592 15.07016 1.366089 2.906331 31.18483 59.39848 3.64275 1.937137 82.06932 75.30933 2.748289 2.702451 1.989605 0.7716204 0.3847025 0.700982 1.107951 1.694142 1.771342 2.004 4.519214 1.683941 1.286782 1.30272 1.309501 1.211369 0.7484471 0.7452279 0.639579 0.5873194 1.066159 1.880453 1.272523 1.950145 2.194032 2.532845 2.398387 2.292889 2.830081 18.78257 41.06963 7.122092 4.893414 2.911219 4.707389 2.772238 4.43023 6.35627 0.8274437 0.4909624 0.4663156 0.3451985 0.7167024 1.482554 0.3703425 0.406229 0.6286972 3.741032 1.518178 4.497025 1.199034
65.86239 47.82499 68.12202 103.1972 83.24312 100.0228 111.766 64.16475 69.51157 37.13049 15.25749 6.552477 2.553285 2.973844 10.40961 18.11413 17.43483 3.498463 3.396641 0.8341342 2.10021 2.557411 2.56259 2.985672 4.601585 5.667518 4.287955 1.76976 1.926396 2.310009 5.707006 3.015609 11.88558 1.564421 1.679878 1.451516 1.258596 1.11696 0.8923014 0.6186281 0.6294825 0.8654348 0.8663952 1.684884 2.478758 10.59637 3.045018 2.574888 7.297522 5.569691 7.63477 46.47887 14.04076 1.217174 0.03600496 0.1768465 0.3229357 0.9317678 0.6834292 0.2027769 0.2096969 0.2044058 0.3043337 0.3036802 0.3158785 0.4072911 0.3625038 0.4302825 0.7000912 0.4913513 0.5821009
213.7744 210.0163 70.17411 -9999 230.3786 65.98591 60.82805 45.5829 75.3193 73.59256 74.78055 24.4478 10.65415 8.443051 18.36697 -9999 3.498463 3.498399 1.676664 0.7519149 0.746453 1.818257 1.556036 11.61846 11.61846 11.61846 11.61846 6.361474 2.499032 3.33741 3.809507 1.445334 23.3138 2.578753 2.75098 1.477868 1.405552 1.69215 1.286504 0.6197723 0.7753789 4.83203 6.242639 20.93406 11.36848 14.67564 15.74261 35.43883 27.43546 31.27159 5.973608 61.60446 69.15025 92.42167 83.5232 10.93528 14.56221 1.837507 0.6217648 0.1903981 0.311016 0.09373658 0.07767542 0.1446001 0.07119891 0.1279349 0.2121111 0.3378599 0.3396477 0.4269669 0.3519582
-9999 -9999 -9999 -9999 -9999 -9999 115.8697 44.25042 25.25899 38.23101 76.37424 88.86297 119.4134 111.2718 142.4183 -9999 -9999 3.498463 68.10155 2.434701 3.042176 3.715738 3.068659 11.61846 11.61846 11.61846 11.61846 11.61846 10.25731 7.100036 6.337989 5.713068 4.600565 3.191543 8.136374 38.92753 4.66069 10.45586 32.97263 9.902626 9.435115 21.76567 10.50891 228.3652 68.13666 26.09194 8.479383 16.01916 121.7181 41.58264 27.0109 2.8435 2.368723 7.209896 452.9687 8.344509 25.25938 10.57027 2.906849 11.13445 10.58576 2.879637 0.5214903 0.1179551 0.07683536 0.114626 0.1570196 0.2090104 0.2144032 0.2461244 0.2508496
21.89693 132.6817 137.1817 -9999 -9999 -9999 -9999 173.7396 56.21711 54.04053 24.5876 45.92891 25.29019 44.33245 133.0608 407.3121 -9999 -9999 3.881052 3.888184 3.927534 3.934382 3.883126 11.61841 12.12943 14.52892 13.3071 11.63539 11.42072 8.307476 8.09136 8.09136 7.9741 3.81967 4.758221 8.720272 165.9248 48.51007 37.33059 18.98609 15.53858 169.826 29.27739 27.63004 16.62358 20.77383 8.88329 9.136796 7.224488 2.869043 1.380128 2.548438 4.71133 38.66748 5.005155 11.19742 35.54795 9.758081 0 1.828889 38.42438 1.984577 0.4461727 0.05960154 0.1905069 0.4850689 0.100743 0.3903341 0.5424727 0.5516658 0.1915176
26.23583 27.35344 54.14586 281.3415 164.1323 112.2773 211.2993 165.4255 85.24519 25.24951 23.83963 177.6214 68.85235 48.66187 40.26855 88.8578 54.1318 -9999 -9999 4.106867 4.163211 4.158191 3.990572 11.31606 16.30037 16.45479 16.44506 120.0467 49.43349 20.75205 8.268523 8.09136 8.091359 11.52815 19.03319 45.545 367.4468 148.3691 108.6613 70.13885 40.83648 7.08099 9.730808 6.915298 6.265104 6.192998 26.08854 70.07382 18.39412 82.52096 22.5212 11.80183 10.32646 75.00497 2.466537 0.2747638 1.860238 0 0 0 0.03142596 1.073278 0.757677 0.2315695 0.06215458 0.002700731 0.2251304 0.518831 0.505734 0.9172563 0.09782073
30.58045 41.23017 46.96662 58.94794 57.52086 44.80646 65.54567 33.54663 21.97158 19.75431 51.33876 223.7711 66.95329 114.5935 100.826 59.9341 500.2742 591.5107 -9999 4.163211 4.163211 4.163211 4.163211 5.505547 15.52882 15.20907 16.38482 12.97256 11.88981 68.86263 42.46074 36.86964 19.77521 116.1297 66.83788 150.0693 203.1388 250.3947 380.5659 362.6828 76.49662 11.6274 2.415008 3.907276 1.575489 5.372506 12.32096 45.20973 19.36819 2.618888 0.4873161 0.1131581 0.07082144 0.6210812 0.8344075 0.292706 0.325269 0 0 0 0.2025792 14.3101 10.14561 10.06547 7.508924 8.423971 4.070181 0.1905703 0.0122529 0.09414458 0.1707623
92.35448 28.0299 27.32789 36.18573 22.38772 4.421334 20.91043 16.72055 36.7494 33.81333 66.30873 53.54842 49.85862 53.41703 67.92805 106.6502 76.52629 -9999 -9999 4.163211 4.163211 4.163211 4.163211 4.62325 8.146235 8.146683 8.336379 11.4504 12.38001 15.24719 33.71719 48.91518 138.7041 178.3116 119.8359 51.22089 44.82314 25.31951 17.26509 15.41357 8.775428 7.646891 96.01832 137.3122 40.63464 25.40141 8.736403 0 0 0 0 0 0 0.00772781 0.4221381 1.029835 0.2926843 0.1454576 0.0001714523 0.2306145 0.6961666 6.233619 1.169921 0.9605876 7.853906 77.88896 19.327 20.00432 1.081533 1.177482 3.195614
40.85705 66.54916 155.1825 17.94662 24.41789 80.48363 77.57166 71.03484 49.13439 41.0518 99.28273 64.55092 80.77921 150.0708 41.98556 161.7892 141.042 -9999 -9999 -9999 4.163211 4.163211 6.398814 15.2683 13.34923 8.146683 8.146682 10.93516 14.42882 12.87344 11.76307 25.7703 72.67042 102.0686 120.61 280.406 97.14869 33.49452 9.79062 2.656875 0.4045924 1.093684 6.637228 32.19913 134.1876 0.1264973 0 3.359764 1.821964 0.04904771 0.05439841 0.0005495111 5.647154 0.5624983 0.6623298 1.542036 0.155702 0.4022948 1.55924 0.4431545 0.05804057 0.3847793 0.5033927 0.008585717 0.2454653 0.4569734 3.407719 68.24004 26.86834 63.73541 17.08917
38.7043 62.70136 84.96071 118.1982 202.521 120.191 107.8135 101.8459 128.9117 155.0289 80.86488 125.3228 148.3963 144.5002 33.04971 55.22149 346.6182 272.8332 -9999 -9999 4.728148 36.81353 54.40736 18.20577 49.44973 116.4433 11.02735 8.712793 14.10213 14.48102 12.93468 14.74512 17.9237 56.15274 100.4598 178.6041 160.6672 77.23834 15.85671 5.484818 1.121608 1.506978 3.361796 8.53431 43.4729 26.25512 111.4309 32.8753 5.211721 2.241119 0.6500161 0.7400261 0.387507 0.2441378 0.009521199 0.0009314812 0.006611138 0.1788617 1.447351 0.7837499 0.08825753 0.1019694 0.8538589 0.9907436 9.55305 4.285043 4.139825 5.619493 32.71038 92.49809 38.39141
27.37519 260.4551 392.5363 239.8645 458.1463 105.7538 54.38719 62.69263 64.24624 236.0284 169.6894 166.466 88.64635 66.19201 26.98013 56.89223 80.30379 112.6406 180.6408 233.3603 108.5933 101.7989 16.72512 8.775533 23.26418 46.46822 223.7447 75.12267 13.22112 14.48101 14.27085 36.07564 59.16593 99.64931 95.27033 112.118 117.5181 56.8424 24.75854 22.53154 13.68953 15.1303 7.670201 0.602353 0.3495775 1.316602 10.4892 10.07697 27.1322 2.979348 0.3510943 0.1326529 0.004461923 0 0 0 0 0 0.1027717 0.1812488 0.1502107 26.07418 2.812044 0.6370416 6.255335 5.090487 3.506554 16.09819 280.3349 109.629 333.6765
164.0553 104.2019 612.5975 273.6069 42.9065 33.00221 44.88105 38.84193 17.57407 44.93142 134.7561 174.4718 156.3322 85.5246 39.50331 46.23893 45.64045 252.4534 1301.157 35.05526 12.11342 6.490448 4.954116 5.994002 11.69356 44.02343 75.16797 81.3753 22.41019 27.28702 35.21117 69.02902 39.67365 38.61412 28.07136 51.24886 105.1847 20.22723 79.62753 243.8821 55.83012 25.98459 16.44618 13.21251 2.145189 0.1474114 0.2006984 0.09367343 0.5012745 0.1259613 0 0 0 0 0 0 0 0 0 0.01583369 0.2674049 1.310245 0.1954808 1.008496 1.241533 1.274501 4.693745 17.67074 16.4203 69.5407 232.5884
183.1437 157.3518 508.0987 243.9805 14.75693 3.368238 7.905016 47.0271 19.92914 22.76473 67.2713 62.23697 50.06949 88.01604 96.15114 130.609 71.5974 92.11275 86.19202 10.19958 6.661047 5.230605 4.105585 3.136679 5.017553 9.800101 14.49512 19.43082 32.64427 159.2137 43.99843 18.32973 26.0578 38.83214 43.4474 106.5567 626.6757 257.5033 730.0324 717.1652 392.2468 391.7351 101.7341 14.43928 2.580875 1.691666 0.1183516 0.1549248 0.003897992 0 0 0 0 0 0 0 0 0 0 0.2040054 0.2325057 0.737321 3.100167 1.094532 0.6067919 0.523325 2.335378 7.370088 6.648576 14.08744 45.64027
-9999 -9999 729.5909 450.4811 4.610308 0.8766302 1.29203 2.663865 5.039575 32.27065 131.045 858.3875 26.77427 42.01805 55.96717 87.84111 55.25173 52.32974 52.07012 4.744843 1.111683 1.462477 1.981833 1.423433 2.952675 6.550607 11.98179 10.73186 17.77717 26.32909 19.4647 26.9178 31.60842 36.18181 37.49128 104.8548 165.1666 202.9891 479.8211 601.9173 664.5729 382.8304 274.4344 17.19229 3.343697 3.225577 0.7811137 0.2476728 0.08767451 0.009150658 0.1621387 0.2742263 0.1730045 0.2267304 0.101858 0.05406887 0.008996998 0.0617043 0.1227282 0.09113405 0.2357575 0.6356427 4.925456 9.017669 7.726128 2.48386 4.098588 4.994203 5.007994 7.341238 7.429536
-9999 2512.739 647.9764 254.563 4.204663 0.8335418 0.7444577 0.4005185 0.3957251 3.702235 104.5858 345.1674 116.4465 57.77111 40.99253 72.96097 36.91608 54.97562 172.7035 143.9727 13.4422 30.3535 3.556084 1.908528 1.49237 12.37235 8.758801 6.6376 15.07235 32.827 9.721128 26.23457 41.55412 27.65028 30.73724 20.39237 72.44278 253.8109 263.5305 400.3595 665.9031 1189.776 436.6992 130.6163 19.96972 2.345657 1.555494 1.173272 0.5280079 0.3664999 0.6902747 0.5539752 0.3619348 0.253899 0.752851 0.5405745 0.2794186 0.7378503 2.523813 2.597451 4.154929 1.633147 6.196302 11.93254 5.482856 6.478184 5.539791 7.943112 7.372796 5.648602 9.880856
160.245 622.5702 564.9252 73.43597 10.50462 3.625743 3.74014 5.048314 1.473732 0.3959272 23.70994 107.2411 174.431 148.173 89.47572 140.1228 63.83133 50.88979 35.3196 81.81628 14.62876 51.38036 8.20656 4.700374 5.790689 13.49514 2.993238 5.058347 17.77478 4.506005 18.25727 48.27835 111.9002 22.28144 22.60138 8.576395 28.02435 161.3429 196.657 601.7545 1153.778 1579.515 740.8077 407.2761 143.9376 16.92537 3.215328 0.4852769 0.3917492 0.41425 0.64881 0.604763 0.9869977 0.7308218 0.8868707 1.11808 1.634845 2.055406 6.385325 8.795531 7.456743 6.590775 7.116893 9.089146 10.85416 10.54322 8.360695 11.50767 6.134244 14.01141 88.7782
5.40214 6.949602 30.31744 0.5931696 4.490539 8.45442 5.442898 6.365921 6.409676 6.647616 29.36013 7.276695 13.43002 61.325 247.7781 93.42422 60.17004 39.0243 35.73693 32.42288 14.33761 5.40662 20.67199 26.58394 15.29534 18.67207 13.65471 14.69783 16.87204 4.510512 4.110717 7.871913 7.945568 100.9011 57.34522 25.84167 29.55129 217.7374 709.6346 735.9879 707.7232 489.2159 604.1477 856.0845 493.1112 278.308 66.9324 12.26491 1.54405 0.3843648 0.8734877 0.3318586 0.6056668 0.8279046 1.025511 1.177016 1.333393 3.704242 6.854505 3.400973 2.832849 3.711907 5.020578 4.208603 5.756473 6.931677 3.823562 9.062239 13.54656 36.21999 772.9345
2.258092 3.29156 19.96123 6.78898 10.45242 4.199794 2.379459 4.467184 6.216389 3.652269 3.940016 0.8983794 0.4048962 15.83583 203.396 722.4599 9.945937 65.97108 56.04348 175.6596 41.84125 11.71482 21.12394 12.43115 28.15037 19.47602 18.91755 17.88505 5.035122 1.639967 3.318197 3.474783 9.811114 36.80255 29.63281 16.76047 24.73879 368.808 591.4918 336.1775 261.9045 245.8601 392.3708 622.8308 1144.573 706.6122 288.3995 121.2761 55.3358 12.01835 1.115675 1.018972 1.168089 2.120647 6.627855 15.07902 16.10617 13.41583 52.23272 5.207229 3.01759 7.779103 2.745814 1.694004 3.964003 6.016976 5.86771 6.365466 6.655432 80.21926 302.8077
4.933972 10.85808 9.812009 11.93605 8.288991 5.459323 4.584787 7.529519 7.860738 3.039645 2.227514 5.031642 7.348011 8.86231 42.23465 67.13469 -9999 253.4885 29.82948 20.88791 32.67261 26.52098 17.9529 9.365787 44.67493 18.91588 11.07333 10.79131 9.346333 2.949046 2.774592 6.699521 8.512515 21.43262 48.44874 208.4717 217.5522 380.6101 35.30493 50.70776 119.4541 136.6741 298.2311 868.7805 3267.311 1127.579 1040.346 480.1316 247.6158 102.4657 85.88513 57.12483 7.843132 2.83567 5.918396 3.968709 7.991212 4.362524 4.1264 4.990855 6.585801 15.0392 12.04775 4.415374 1.660864 4.403883 9.138777 5.950654 15.1397 111.0588 107.2729
27.29404 48.64646 5.810804 8.068067 5.993829 1.160645 2.176277 8.442917 8.479565 3.478659 8.235097 11.5674 8.627458 7.116007 3.886893 6.124659 62.52803 8.926332 27.6272 123.2403 22.99149 18.01383 32.61658 63.53608 28.45545 14.26168 6.778738 7.891071 10.17261 7.424874 4.76734 5.141279 6.009139 15.00972 190.9448 525.6609 125.7704 34.80975 35.79103 73.8418 180.6468 233.9699 452.1249 527.0563 891.19 1136.875 869.1683 888.8491 850.0112 688.5682 658.5098 445.676 668.9632 61.38112 50.68043 161.9609 26.26435 8.804134 20.45526 16.22227 72.43864 215.5602 281.7182 18.14306 6.8564 9.825354 33.04105 31.24515 44.55462 152.1785 216.7511
7.570906 10.07966 5.274274 4.450735 3.022481 2.579783 3.09121 6.178021 5.032588 11.32651 27.34457 21.22398 7.101998 3.914511 1.472159 3.979373 213.0093 1606.382 20.98469 -9999 24.10496 24.00204 50.09432 58.16498 19.29404 6.618742 12.77276 14.36837 15.90014 15.95731 17.73419 13.8935 6.468701 12.99271 151.1061 304.6364 34.73814 21.17073 45.02166 183.1334 253.6684 297.0058 569.4558 373.2456 431.0452 553.9414 611.6415 1286.52 988.7285 1085.254 1353.583 1525.601 1597.247 948.1992 944.8627 787.6467 622.8935 459.0086 601.0768 591.4087 227.5009 250.53 31.35348 8.186036 7.408326 14.54078 54.35595 106.2264 130.4807 111.1096 155.4678
