data/gpw-v4-population-density-adjusted-to-2015-unwpp-country-totals-rev11_2020_1_deg_asc/gpw_v4_population_density_adjusted_to_2015_unwpp_country_totals_rev11_2020_1_deg.asc
ncols         360
nrows         180
xllcorner     -180
yllcorner     -89.999999999999
cellsize      1.0000000000001
NODATA_value  -9999
[rows 32 to 63 of 180, columns 142 to 212 of 360]
-9999 -9999 -9999 -9999 -9999 -9999 -9999 -9999 -9999 -9999 -9999 -9999 -9999 -9999 -9999 -9999 -9999 -9999 -9999 -9999 -9999 -9999 -9999 -9999 -9999 -9999 -9999 -9999 -9999 2.587054 6.633019 5.213934 2.836624 22.61185 24.34483 103.5605 98.58292 -9999 -9999 -9999 -9999 -9999 -9999 -9999 20.95318 56.16763 25.31297 127.4778 70.60811 537.4775 114.1312 20.97202 40.32205 11.71185 17.73204 9.039014 19.02747 4.71064 -9999 24.51066 12.55567 55.07595 56.01745 16.55692 11.08869 10.67774 36.14666 6.008245 4.873275 6.656454 4.727024
-9999 -9999 -9999 -9999 -9999 -9999 -9999 -9999 -9999 -9999 -9999 -9999 -9999 -9999 -9999 -9999 -9999 -9999 -9999 -9999 -9999 -9999 -9999 -9999 -9999 -9999 -9999 -9999 -9999 -9999 15.24192 3.735279 8.164018 8.255046 118.0595 118.7545 -9999 -9999 -9999 -9999 -9999 -9999 -9999 -9999 -9999 -9999 60.16031 77.45049 174.6616 58.68695 171.953 27.97578 45.2077 24.44266 41.10443 -9999 6.30395 -9999 122.2208 25.84993 22.664 45.15384 84.77425 17.45947 12.16547 14.67015 7.104724 6.073825 18.48027 4.9152 6.158028
-9999 -9999 -9999 -9999 -9999 -9999 -9999 -9999 -9999 -9999 -9999 -9999 -9999 -9999 -9999 -9999 -9999 -9999 -9999 -9999 -9999 -9999 -9999 -9999 -9999 -9999 -9999 -9999 -9999 29.3107 78.61781 58.73299 10.484 326.4995 177.6869 29.60025 247.9544 -9999 -9999 -9999 -9999 -9999 -9999 -9999 -9999 -9999 57.49231 104.9515 145.8596 114.3097 712.6992 164.5311 52.169 53.65807 -9999 -9999 -9999 -9999 38.56874 63.78138 23.17479 33.40446 35.01665 18.85975 28.86258 13.75396 31.85708 13.08042 62.6766 7.109187 10.90664
-9999 -9999 -9999 -9999 -9999 -9999 -9999 -9999 -9999 -9999 -9999 -9999 -9999 -9999 -9999 -9999 -9999 -9999 -9999 -9999 -9999 -9999 -9999 -9999 -9999 -9999 -9999 20.27208 18.46667 27.15918 47.86108 127.2713 356.8199 54.24371 90.87588 61.97234 362.9094 98.00184 -9999 -9999 -9999 -9999 -9999 -9999 -9999 591.1654 67.71002 116.7323 209.2959 69.74458 122.2776 107.8442 87.36056 103.6992 90.46741 64.86172 318.5954 117.7629 115.2995 36.53042 33.31989 67.36816 40.56099 99.56394 29.87715 25.22848 59.38234 14.0878 31.23432 15.07534 51.43941
-9999 -9999 -9999 -9999 -9999 -9999 -9999 -9999 -9999 -9999 -9999 -9999 -9999 -9999 -9999 -9999 -9999 -9999 -9999 -9999 -9999 -9999 -9999 -9999 -9999 -9999 -9999 25.1733 37.51831 33.38379 50.60717 324.7115 143.4781 110.7672 411.3584 892.5952 687.0368 200.66 98.21816 -9999 -9999 -9999 74.44318 219.541 244.8558 149.2233 304.905 265.5251 314.0088 61.37425 37.806 42.15026 133.1058 46.78194 50.12004 75.18607 153.6705 69.00961 72.65343 50.45449 54.65946 116.7239 26.30445 41.4388 37.75519 320.1476 23.1734 40.9579 65.7367 14.80271 13.57979
-9999 -9999 -9999 -9999 -9999 -9999 -9999 -9999 -9999 -9999 -9999 -9999 -9999 -9999 -9999 -9999 -9999 -9999 -9999 -9999 -9999 -9999 -9999 -9999 -9999 -9999 -9999 17.49672 34.78744 53.41026 48.55749 65.18607 44.30584 56.85331 28.52131 313.0131 706.2267 278.7466 159.9705 235.6853 -9999 -9999 1238.983 528.582 259.1398 171.8996 230.9691 245.3275 173.7568 87.15676 63.68155 597.4648 55.70154 66.00102 158.0678 109.4992 106.4357 98.46176 234.8328 251.5761 59.7791 78.05484 25.77043 23.0459 36.42063 31.05392 14.4872 33.23134 68.70068 51.62866 27.20238
-9999 -9999 -9999 -9999 -9999 -9999 -9999 -9999 -9999 -9999 -9999 -9999 -9999 -9999 -9999 -9999 -9999 -9999 -9999 -9999 -9999 -9999 -9999 -9999 -9999 -9999 -9999 11.30293 16.22682 158.768 76.57077 -9999 67.30656 145.5865 339.7406 326.824 218.0306 1511.27 730.0809 523.3356 462.6161 369.8734 692.0247 468.5084 720.6008 715.5649 210.4361 156.5663 109.0843 128.4583 194.503 151.1536 96.61777 95.63569 152.6292 137.2646 90.12801 201.6219 86.56097 115.1416 128.4607 40.98083 36.25354 33.51482 34.97727 18.8804 17.32221 13.35249 15.06718 62.47453 19.00712
-9999 -9999 -9999 -9999 -9999 -9999 -9999 -9999 -9999 -9999 -9999 -9999 -9999 -9999 -9999 -9999 -9999 -9999 -9999 -9999 -9999 -9999 -9999 -9999 -9999 -9999 -9999 -9999 -9999 -9999 -9999 -9999 250.0153 150.5895 171.2926 156.3282 779.9529 605.3075 387.1713 151.9428 206.2796 435.0427 520.4174 282.0537 296.2995 352.7039 456.7834 124.8799 121.9272 130.9839 196.8231 127.175 318.1614 144.6625 156.2735 95.20379 294.3917 315.2175 153.1333 134.9467 107.2017 68.03803 67.28142 78.95518 85.61926 41.83239 70.84502 35.69408 497.6804 37.31652 30.91856
-9999 -9999 -9999 -9999 -9999 -9999 -9999 -9999 -9999 -9999 -9999 -9999 -9999 -9999 -9999 -9999 -9999 -9999 -9999 -9999 -9999 -9999 -9999 -9999 -9999 -9999 -9999 -9999 -9999 -9999 -9999 135.9285 89.22023 -9999 -9999 785.0404 95.65456 184.0709 140.5712 152.4679 214.4901 81.40656 69.14979 81.29175 261.2567 190.7522 496.6926 194.9329 156.059 195.4153 91.21159 84.6353 106.5553 77.24082 147.085 137.2161 249.3299 166.7684 154.5716 112.92 66.97381 141.5462 129.1268 85.18839 60.48733 52.47811 104.4204 32.22504 64.26769 52.47397 71.6327
-9999 -9999 -9999 -9999 -9999 -9999 -9999 -9999 -9999 -9999 -9999 -9999 -9999 -9999 -9999 -9999 -9999 -9999 -9999 -9999 -9999 -9999 -9999 -9999 -9999 -9999 -9999 -9999 -9999 -9999 -9999 -9999 39.55196 174.495 60.61037 100.2813 150.4463 58.04109 59.18798 125.0817 1335.279 56.37945 50.05729 34.5313 101.8609 238.9446 258.6734 420.8785 200.4717 417.3955 136.6795 103.3413 134.982 64.99516 337.5041 173.3806 107.2215 74.10515 93.52411 122.5098 103.0893 75.4472 101.0528 111.2439 78.90469 60.88365 49.55802 42.93449 47.04673 26.79802 49.69439
-9999 -9999 -9999 -9999 -9999 -9999 -9999 -9999 -9999 -9999 -9999 -9999 -9999 -9999 -9999 -9999 -9999 -9999 -9999 -9999 -9999 -9999 -9999 -9999 -9999 -9999 -9999 -9999 -9999 -9999 -9999 -9999 -9999 215.6474 171.2294 144.2157 161.7889 104.2773 104.2689 81.77656 55.36641 36.18651 26.39651 72.54134 103.4111 298.554 426.8657 235.3234 85.18568 113.1355 89.91248 75.05947 30.90964 94.47069 105.4965 81.87742 156.9155 325.2312 67.02882 116.3947 48.15829 41.83499 28.26087 24.28408 57.54964 88.34999 144.5613 63.57314 21.00801 28.44295 23.17708
-9999 -9999 -9999 -9999 -9999 -9999 -9999 -9999 -9999 -9999 -9999 -9999 -9999 -9999 -9999 -9999 -9999 -9999 -9999 -9999 -9999 -9999 -9999 -9999 -9999 -9999 -9999 -9999 -9999 -9999 -9999 -9999 -9999 -9999 -9999 128.7752 139.6999 68.43369 56.20595 32.94601 29.46989 41.99405 88.11806 65.53519 273.9312 144.919 57.0928 52.37413 24.20158 98.36039 40.36709 66.77225 124.4865 115.0176 82.29539 52.01419 82.48837 64.08073 68.32661 46.20785 15.47316 51.11139 43.41856 23.1834 47.92255 33.93687 100.5885 85.50755 239.0475 61.79917 131.1105
-9999 -9999 -9999 -9999 -9999 -9999 -9999 -9999 -9999 -9999 -9999 -9999 -9999 -9999 -9999 -9999 -9999 -9999 -9999 -9999 -9999 -9999 -9999 -9999 -9999 -9999 -9999 -9999 -9999 -9999 -9999 -9999 -9999 -9999 -9999 -9999 88.702 71.24599 57.16555 65.76877 18.11478 82.54311 317.6277 195.6467 66.40231 238.8123 302.3416 774.8348 267.0769 305.4924 387.2051 169.2938 66.36314 114.9926 95.82661 43.57689 70.92721 101.0571 52.55229 48.99659 20.34373 27.62398 38.12769 59.81643 34.26678 48.30168 70.76926 29.26167 34.55423 -9999 22.42172
-9999 -9999 -9999 -9999 -9999 -9999 -9999 -9999 -9999 -9999 -9999 -9999 -9999 -9999 -9999 -9999 -9999 -9999 -9999 -9999 -9999 -9999 -9999 -9999 -9999 -9999 -9999 -9999 -9999 -9999 -9999 -9999 -9999 -9999 -9999 -9999 74.86289 144.2677 59.56463 43.84768 38.98016 19.05224 104.5789 31.83904 21.04132 101.4869 220.0007 98.55935 205.4861 200.5578 279.4833 241.3905 24.41301 31.49757 36.7699 83.40181 114.6358 75.40377 259.3187 39.50855 29.31026 42.28586 49.70519 68.81309 669.8251 498.4468 50.11347 1.58287 -9999 -9999 -9999
-9999 -9999 -9999 -9999 -9999 -9999 -9999 -9999 -9999 -9999 -9999 -9999 -9999 -9999 -9999 -9999 -9999 -9999 -9999 -9999 -9999 -9999 -9999 -9999 -9999 -9999 -9999 -9999 49.53361 177.4183 33.04815 22.63391 163.8273 44.25151 181.2923 346.789 131.0467 69.7739 45.52386 189.1672 64.54566 190.107 215.6237 363.0446 128.6251 461.5076 456.0342 20.88074 252.001 187.7655 119.6049 223.6853 -9999 53.05274 80.65697 60.25528 70.47297 30.93173 67.88888 94.14384 28.85121 34.59188 42.95279 45.20594 50.43428 77.67995 36.24479 -9999 -9999 -9999 -9999
-9999 -9999 -9999 -9999 -9999 -9999 -9999 -9999 -9999 -9999 -9999 -9999 -9999 -9999 -9999 -9999 -9999 -9999 -9999 -9999 -9999 -9999 -9999 -9999 -9999 -9999 -9999 -9999 100.5613 148.837 35.77786 18.90688 33.02564 11.06485 27.35298 72.29926 64.59614 12.44859 10.38841 26.82052 83.26441 173.2366 -9999 -9999 427.2472 -9999 19.68554 43.87319 118.415 56.14933 133.8162 87.73982 261.7043 220.8804 41.47963 29.67504 48.07576 62.15418 138.4741 153.4843 30.14268 192.6826 85.19663 57.17188 36.3139 57.29263 18.41553 -9999 -9999 -9999 -9999
-9999 -9999 -9999 -9999 -9999 -9999 -9999 -9999 -9999 -9999 -9999 -9999 -9999 -9999 -9999 -9999 -9999 -9999 -9999 -9999 -9999 -9999 -9999 -9999 -9999 -9999 -9999 -9999 -9999 388.2985 38.13644 11.42749 18.34752 62.08168 10.19105 7.952105 39.97955 65.61139 49.67739 218.7179 1095.587 338.6844 -9999 -9999 -9999 -9999 98.51771 26.78169 -9999 4.707366 1090.227 137.0951 128.2507 82.04909 426.0291 423.9361 -9999 320.2554 73.92875 88.51911 48.65035 41.71638 38.49652 47.2684 46.12459 102.3045 2545.936 1930.058 76.77246 190.2692 82.74146
-9999 -9999 -9999 -9999 -9999 -9999 -9999 -9999 -9999 -9999 -9999 -9999 -9999 -9999 -9999 -9999 -9999 -9999 -9999 -9999 -9999 -9999 -9999 -9999 -9999 -9999 -9999 -9999 -9999 144.5317 44.93499 12.81298 33.25915 55.11253 707.0073 8.009011 10.60774 17.40258 69.66271 -9999 -9999 163.5175 49.94802 -9999 -9999 -9999 66.93414 39.69232 -9999 -9999 363.2087 1226.666 1397.288 73.60952 68.50924 243.4981 304.8062 101.3694 33.26837 35.92601 189.8126 44.6538 67.47973 55.95311 56.60296 83.00612 484.8568 842.6295 158.5478 63.50503 169.1282
-9999 -9999 -9999 -9999 -9999 -9999 30.8316 -9999 -9999 68.0624 57.77549 -9999 -9999 -9999 -9999 -9999 -9999 -9999 -9999 -9999 -9999 -9999 -9999 -9999 -9999 -9999 -9999 -9999 162.5758 81.60355 16.43153 26.3996 14.33354 33.06415 44.56157 20.69676 18.88613 336.4373 1662.15 134.5125 370.9023 133.2293 169.5364 -9999 -9999 -9999 72.08318 105.0838 -9999 -9999 -9999 -9999 -9999 89.92503 91.94939 168.2677 282.6366 168.5086 45.76103 28.98662 57.86061 41.98611 15.7783 29.17772 73.881 100.0722 38.77625 51.33436 102.2033 10.83859 392.7106
-9999 -9999 -9999 -9999 -9999 -9999 -9999 -9999 -9999 43.69244 104.8283 -9999 -9999 -9999 -9999 -9999 -9999 -9999 -9999 -9999 -9999 -9999 -9999 -9999 -9999 -9999 -9999 -9999 1473.423 49.30402 24.32454 38.58067 14.39903 17.78664 36.31997 10.9802 63.02531 291.8993 444.6763 304.7441 -9999 -9999 -9999 -9999 -9999 -9999 21.2683 77.21886 -9999 -9999 333.7289 1183.29 180.4236 293.9827 140.0415 122.8745 -9999 -9999 55.01435 62.53873 39.3258 278.751 30.10846 8.562397 152.6369 459.1497 75.2948 54.40118 56.92263 26.05258 57.30525
-9999 -9999 -9999 -9999 -9999 -9999 -9999 -9999 -9999 -9999 -9999 -9999 185.01 -9999 -9999 -9999 -9999 -9999 -9999 -9999 -9999 -9999 -9999 -9999 -9999 -9999 -9999 -9999 -9999 48.79291 40.98484 94.45465 127.9537 85.28886 92.73229 19.02723 139.1566 433.7727 -9999 -9999 -9999 -9999 -9999 -9999 297.9977 64.25593 77.63878 196.8542 252.8152 124.8815 142.4729 95.35045 86.32008 458.5087 52.49481 -9999 -9999 -9999 91.92283 42.10511 40.28009 871.4832 70.42812 58.2969 60.40386 141.9139 68.17942 95.44488 110.7516 26.40125 95.5497
-9999 -9999 -9999 -9999 -9999 -9999 -9999 -9999 -9999 -9999 -9999 -9999 59.70037 -9999 -9999 -9999 -9999 -9999 -9999 -9999 -9999 -9999 -9999 -9999 -9999 -9999 -9999 -9999 -9999 0 29.05899 297.6861 94.42204 364.3839 87.21745 223.6823 69.65068 -9999 256.9418 277.0387 521.5775 715.0164 247.4188 315.765 321.4888 242.5529 94.50481 80.14336 595.0665 299.6066 36.37283 -9999 215.7515 183.4778 -9999 -9999 -9999 -9999 -9999 33.8758 21.05794 24.22608 27.63545 39.89053 41.95152 51.01488 99.46888 52.64841 221.6147 55.83193 45.31523
-9999 -9999 -9999 -9999 -9999 -9999 -9999 -9999 -9999 -9999 -9999 -9999 -9999 -9999 -9999 -9999 -9999 -9999 -9999 -9999 -9999 -9999 -9999 -9999 -9999 -9999 -9999 -9999 -9999 -9999 -9999 354.3566 363.9763 94.14969 159.1419 423.933 194.3288 378.6691 197.674 148.0818 58.39598 49.85366 87.40603 127.014 115.9132 89.9282 76.58501 65.37141 240.3474 292.7484 246.5865 -9999 1546.727 -9999 -9999 -9999 -9999 -9999 -9999 -9999 -9999 38.37574 76.26972 118.538 28.91237 14.89926 -9999 -9999 -9999 -9999 40.41711
-9999 -9999 -9999 -9999 -9999 -9999 -9999 -9999 -9999 -9999 -9999 -9999 -9999 -9999 -9999 -9999 -9999 -9999 -9999 -9999 -9999 -9999 -9999 -9999 -9999 -9999 -9999 -9999 -9999 -9999 -9999 434.6414 207.717 165.6905 44.29522 67.05479 133.9042 26.58195 33.58512 14.83501 45.4859 97.16859 28.19823 70.21704 15.61078 15.01142 41.96842 41.68055 184.2395 103.5339 -9999 -9999 -9999 -9999 -9999 -9999 -9999 -9999 -9999 -9999 -9999 4.468005 12.9526 25.31611 6.321221 -9999 -9999 -9999 -9999 -9999 89.26076
-9999 -9999 -9999 -9999 -9999 -9999 -9999 -9999 -9999 -9999 -9999 -9999 -9999 -9999 -9999 -9999 -9999 -9999 -9999 -9999 -9999 111.4057 -9999 -9999 -9999 -9999 -9999 -9999 -9999 286.5436 851.187 180.3204 166.712 54.15782 14.90504 3.015601 5.56672 14.05449 7.920371 8.851022 25.2559 13.28476 7.98503 29.08462 59.90621 12.71962 10.48551 19.26791 86.84756 48.40777 -9999 -9999 -9999 -9999 -9999 -9999 -9999 -9999 -9999 -9999 -9999 -9999 -9999 -9999 -9999 -9999 -9999 -9999 -9999 -9999 -9999
-9999 -9999 -9999 -9999 -9999 -9999 -9999 -9999 -9999 -9999 -9999 -9999 -9999 -9999 -9999 -9999 -9999 -9999 -9999 -9999 112.0843 520.8557 -9999 -9999 -9999 -9999 -9999 -9999 284.0721 109.9424 96.17768 167.1496 42.44107 21.88572 5.720898 1.914082 5.972956 10.6736 5.984101 3.395455 3.123707 21.26293 21.19498 10.26912 11.01435 1.004455 1.064456 2.498635 9.568381 26.21819 74.81712 226.6847 40.68113 21.95125 -9999 -9999 -9999 58.84996 42.36436 25.29647 9.211 5.308797 2.334227 -9999 -9999 -9999 -9999 -9999 -9999 -9999 -9999
-9999 -9999 -9999 -9999 -9999 -9999 -9999 -9999 -9999 -9999 -9999 -9999 -9999 -9999 -9999 -9999 -9999 -9999 -9999 -9999 -9999 -9999 -9999 -9999 -9999 -9999 -9999 -9999 73.63037 98.1014 192.7072 42.99585 28.35612 31.65628 3.457451 11.04883 11.88197 0.6414552 0.5117086 4.995986 2.216937 1.664295 7.162955 7.383166 0.4943414 0.1160511 0.1160511 0.3585284 1.420881 2.416966 4.658124 13.69096 21.82648 11.96893 2.216152 2.216152 -9999 58.84996 53.25946 27.37912 8.737087 2.73067 2.462894 4.975463 23.08813 69.64053 21.84811 6919.719 1888.34 1456.342 673.0417
-9999 -9999 -9999 -9999 -9999 -9999 -9999 -9999 -9999 -9999 -9999 -9999 -9999 -9999 -9999 -9999 -9999 -9999 -9999 -9999 -9999 0 0 -9999 -9999 -9999 -9999 -9999 258.0034 50.45869 15.39712 23.85713 19.02841 0.7347379 0.7132699 1.653032 0.8424762 0.7569354 0.743214 1.319321 1.515381 1.483569 0.7901977 0.7199516 0.6252469 0.1333161 0.1447615 0.5120773 1.567341 1.879173 4.658123 6.075337 9.378397 2.216152 2.216152 2.216152 2.054199 1.070749 1.070749 1.070749 1.773482 2.277178 2.057385 0.002337052 0 0.5165588 2.800693 81.04016 687.1751 3043.14 179.5496
-9999 -9999 -9999 -9999 -9999 -9999 -9999 -9999 -9999 -9999 -9999 -9999 -9999 -9999 -9999 -9999 -9999 -9999 -9999 -9999 -9999 -9999 -9999 -9999 82.23283 -9999 -9999 73.93211 36.95687 5.733128 3.637218 1.00347 0.7996123 0.08833216 0.09550104 0.8678681 0.8984345 3.165332 2.474659 2.600166 0.8462479 0.7785707 0.6790482 0.3646531 0.1282836 0.129256 0.1771124 0.6184042 1.702316 1.866543 4.658123 4.658123 3.0151 1.276119 1.480242 1.778531 1.801301 1.070749 1.070749 1.070749 1.070749 2.259027 2.115132 1.72688 1.492035 0 0 0 392.8102 753.4834 48.28834
-9999 -9999 -9999 -9999 -9999 -9999 -9999 -9999 -9999 -9999 -9999 -9999 -9999 -9999 -9999 -9999 -9999 -9999 -9999 54.52686 101.3378 450.3657 1041.588 53.63529 141.4231 0.7918449 22.51447 6.285375 2.243234 1.064364 0.1906782 0.06984838 0.06984838 0.07611926 0.09186427 0.3891473 1.302564 6.157293 2.176509 1.156861 0.8236258 0.5991517 0.199554 0.1401374 0.1191274 0.1191274 0.2131083 0.5645787 1.01286 0.9689184 1.035634 1.027718 0.8568763 0.5876536 0.5300472 0.5572926 1.045648 1.037799 1.070749 1.070749 1.070749 2.102243 2.194887 0 0.02317155 0 3.804504 0.743163 445.5561 7.857041 2.661575
-9999 -9999 -9999 -9999 -9999 -9999 -9999 -9999 -9999 -9999 -9999 -9999 -9999 -9999 -9999 -9999 -9999 -9999 -9999 37.90915 43.64226 967.0577 297.9356 -9999 125.5091 1.216364 0.1748214 0.07959607 0.0451568 0.761217 1.169456 1.082057 0.355151 0.06984839 0.1030885 2.10809 2.279142 7.822395 1.65201 1.394118 0.7276978 0.1697498 0.1489348 0.1350666 0.1420412 0.2682461 0.4080243 0.6090367 0.6831213 0.882237 1.004009 1.320594 3.282347 6.281445 0.9731289 0.5300472 0.5300472 0.9671224 1.052447 1.058792 1.060272 1.050852 1.034389 0 0 1.035182 0.531737 0 334.6221 228.2405 0.4203531
-9999 -9999 -9999 -9999 -9999 -9999 -9999 -9999 -9999 -9999 -9999 -9999 -9999 -9999 -9999 -9999 -9999 -9999 -9999 -9999 -9999 -9999 -9999 29.1507 2.836963 0.1067379 5.316377 0.00904664 0.007532171 0.04845549 0.4927026 1.123485 1.236941 0.9760314 0.413507 0.8215258 0.7714742 0.5061321 2.331498 2.739296 0.7354172 0.6188897 0.1114484 0.1148106 0.2265753 0.4151512 0.4151512 0.4533218 0.5435552 1.286508 2.540678 2.598166 4.523955 1.14272 0.4055367 0.5021845 0.4878176 0.2008801 0.1353541 0.1353541 0.1353541 0.1353541 0.1353539 0 0 1.627414 0 0 0 491.0513 188.1231
