data/gpw-v4-population-density-adjusted-to-2015-unwpp-country-totals-rev11_2020_1_deg_asc/gpw_v4_population_density_adjusted_to_2015_unwpp_country_totals_rev11_2020_1_deg.asc
ncols         360
nrows         180
xllcorner     -180
yllcorner     -89.999999999999
cellsize      1.0000000000001
NODATA_value  -9999
[rows 64 to 95 of 180, columns 142 to 212 of 360]
-9999 -9999 -9999 -9999 -9999 -9999 -9999 -9999 -9999 -9999 -9999 -9999 -9999 -9999 -9999 -9999 -9999 -9999 -9999 -9999 -9999 -9999 -9999 0.06973539 0.04394644 0.03037587 0.05472079 0.05474037 0.05470424 0.0547379 0.05478257 0.1246504 0.5266716 0.2627573 0.2471458 0.2453439 0.2453079 0.2453079 0.2453079 0.4381774 0.3210765 0.4282337 0.05968492 0.1044032 0.1923992 0.3429569 0.2770779 0.4300611 0.5418117 1.085818 1.025479 0.4212963 0.3308028 0.3308028 0.3308028 0.3308028 0.3308028 0.1686438 0.1353541 0.1353541 0.1353541 0.1353541 0.1353539 0 0 0 7.839735 1.785205 8.422178 0 411.688
-9999 -9999 -9999 -9999 -9999 -9999 -9999 -9999 -9999 -9999 -9999 -9999 -9999 -9999 -9999 -9999 -9999 -9999 -9999 -9999 -9999 -9999 0.5879815 0.09689502 0.01703899 0.01217003 0.02892264 0.02892257 0.02892249 0.02892242 0.02892235 0.1112047 0.1895878 0.204819 0.246463 0.2577946 0.2548577 0.2517285 0.2483395 0.182874 0.05968197 0.05968197 0.05968197 0.09151505 0.1129818 0.1222044 0.1985502 0.4086738 0.4600284 0.4047463 0.3308028 0.3308028 0.3308028 0.3308028 0.3308028 0.3308028 0.3308028 0.1695069 0.1353541 0.1353541 0.1353541 0.1353541 0.1353539 0 0 0 0 0 1.289573 0 75.99478
-9999 -9999 -9999 -9999 -9999 -9999 -9999 -9999 -9999 -9999 -9999 -9999 -9999 -9999 -9999 -9999 -9999 -9999 -9999 -9999 -9999 5.868391 16.42195 0.1092261 0.003222702 0.01129804 0.02891917 0.02891917 0.02891917 0.02960628 0.03383712 0.09388478 0.1895878 0.1895878 0.1909013 0.2222168 0.2564641 0.2588196 0.2588196 0.1672791 0.1061547 0.09606925 0.105373 1.251035 0.1359029 0.1041796 0.2704517 0.2252893 0.3720131 0.3172629 0.2227956 0.2912794 0.3308022 0.3414266 0.3129994 0.3308028 0.3308028 0.17037 0.1353541 0.1353541 0.1353541 0.1353541 0.1353539 0 0 0 0 0 0.5182988 0 18.13085
-9999 -9999 -9999 -9999 -9999 -9999 -9999 -9999 -9999 -9999 -9999 -9999 -9999 -9999 -9999 -9999 -9999 -9999 -9999 -9999 -9999 0.282114 0.2234722 0.02109431 0.003474593 4.650417 0.02891917 0.0289329 0.03165056 0.03569431 0.03619774 0.09718625 0.1804552 0.1895878 0.1895878 0.1895878 0.1999422 0.2424151 0.2588196 0.2057859 0.1672542 0.1672542 0.2212019 2.827927 1.29171 0.06567121 0.06567121 0.1044489 0.3399824 0.06750783 0.06714185 0.07317906 0.1182919 0.366964 0.2555484 0.2702097 0.3086218 0.1711406 0.1353541 0.1353541 0.1353541 0.1353541 0.1353538 0.001747709 0.002154527 0.002453799 0.002522684 0.001759958 0.002363886 1.246677 0.011941
-9999 -9999 -9999 -9999 -9999 -9999 -9999 -9999 -9999 -9999 -9999 -9999 -9999 -9999 -9999 -9999 -9999 -9999 -9999 -9999 37.6761 0.2425542 0.1572435 0.2018769 0.1753999 0.1490234 0.03224897 0.03427539 0.03619774 0.03619774 0.04823636 0.1290811 0.1533028 0.1895878 0.1895878 0.1895878 0.1895878 0.1836443 0.2021631 0.2902819 0.1825544 0.1696334 0.6748818 2.924975 1.592729 0.1305283 0.2192884 0.3713693 0.3793541 0.06714185 0.06714185 0.06714185 0.06714185 0.3057396 0.3354161 0.2500734 0.2500734 0.2264745 0.1694706 0.1368449 0.1353541 0.1353541 0.1353545 0.3530839 0.3530869 0.3530869 0.3530869 0.3530844 0.3530869 0.3530869 2.237539
-9999 -9999 -9999 -9999 -9999 -9999 -9999 -9999 -9999 -9999 -9999 -9999 -9999 -9999 -9999 -9999 -9999 -9999 -9999 -9999 1105.364 0.2568607 0.5759608 0.735573 2.609684 0.6371731 0.06986427 0.06890237 0.0716162 0.0743292 0.1051788 0.1328151 0.145499 0.1834853 0.1895878 0.1895383 0.1698712 0.1457551 0.15204 0.3058327 0.2796166 0.1732396 0.1915812 0.2672145 0.5422673 1.783275 0.3837116 0.3836195 0.3799615 0.06714185 0.06714185 0.06714185 0.06714185 0.1430301 0.4102656 0.295721 0.2500734 0.2502992 0.4028196 0.6943321 0.3347215 0.1357551 0.1353545 0.6755511 0.6727499 0.6695462 0.6678197 0.667192 0.6652803 0.6656026 2.481804
-9999 -9999 -9999 -9999 -9999 -9999 -9999 -9999 -9999 -9999 -9999 -9999 -9999 -9999 -9999 -9999 -9999 -9999 -9999 -9999 -9999 0.2294828 0.4317021 0.5962244 0.5436563 0.2252534 0.6721583 0.0565231 0.05027872 0.05675773 0.1307142 0.1337818 0.1470493 0.1533237 0.1895878 0.3467724 0.5120349 0.1332762 0.5001858 1.00364 0.5405998 0.2306117 0.3759401 0.6974998 1.978758 2.103501 0.4283914 0.3836195 0.380569 0.06714185 0.06714185 0.06714185 0.06714185 0.1719536 0.3884998 0.2546073 0.2500734 0.5401551 0.8398721 0.8398722 0.8398722 0.6743928 1.406383 1.40642 1.40642 2.37341 3.332697 3.31555 12.58783 3.866122 4.371693
-9999 -9999 -9999 -9999 -9999 -9999 -9999 -9999 -9999 -9999 -9999 -9999 -9999 -9999 -9999 -9999 -9999 -9999 -9999 -9999 -9999 258.1969 87.59307 1.218987 1.574955 2.294825 1.581858 0.2367799 0.03559624 0.08534189 0.1337818 0.1337818 0.145536 0.2902254 0.2605674 0.3964465 1.134835 1.963061 1.278517 3.574657 1.443743 0.3032625 0.9616739 1.31174 2.102781 1.924455 0.5865854 0.4146046 0.6695377 0.06714185 0.06714185 0.06714185 0.06714185 0.2093159 0.5867032 0.6376513 0.6382973 1.143646 0.8592706 0.8398721 0.8398721 0.8398721 1.40635 1.406419 1.406419 1.89066 2.376915 2.365958 2.558048 8.088523 11.63457
-9999 -9999 -9999 -9999 -9999 -9999 -9999 -9999 -9999 -9999 -9999 -9999 68.56109 296.9048 -9999 -9999 -9999 -9999 -9999 -9999 -9999 8.730831 9.354772 3.593413 6.877252 6.34181 3.106018 1.718948 0.7055251 0.5546091 0.1342148 0.1337818 0.1495452 0.1495868 0.6632357 1.031005 3.572748 3.014022 3.3606 2.187799 0.3351272 0.2559527 0.8503281 1.217186 1.439805 5.385943 10.15072 6.856927 4.904922 0.2173844 0.6935744 0.8678889 0.874226 0.7453641 0.7206975 0.7207603 1.404872 2.71501 1.786015 0.8398721 0.8677847 0.8983404 1.406356 1.40642 1.40642 1.525642 1.642753 2.414829 4.286066 5.870605 14.22012
-9999 -9999 -9999 -9999 -9999 -9999 -9999 -9999 -9999 -9999 -9999 -9999 110.3976 135.4044 -9999 51.39729 -9999 -9999 -9999 -9999 -9999 52.79317 36.77975 29.55012 26.40898 17.73423 14.48198 9.119695 7.333188 6.524939 9.33104 1.332344 2.155247 3.824735 30.7447 9.561103 5.115038 21.22171 8.18928 2.125001 0.783424 0.512895 2.536294 9.223975 10.21307 1.942514 2.802804 1.471621 0.8570934 0.7447492 0.8860925 0.8860925 0.9898236 1.898947 1.308671 0.7456133 2.114322 2.752221 1.788036 0.8398721 7.785667 10.01835 2.237642 1.40642 1.47043 3.245203 3.454218 4.611861 5.084715 51.62984 136.9657
-9999 -9999 -9999 -9999 -9999 -9999 -9999 -9999 -9999 -9999 -9999 -9999 -9999 55.7451 276.5976 31.86295 -9999 -9999 -9999 -9999 183.2085 138.3198 39.70638 18.22021 39.08633 34.53502 15.87562 20.9174 25.80368 13.60552 12.62136 11.80919 15.84378 17.06481 23.8845 7.735904 7.02564 5.010889 12.60823 9.836109 6.760546 8.874187 19.07371 40.04962 33.56105 8.567286 14.40779 14.41464 0.7444623 0.7449672 0.8860924 0.9115356 2.107796 2.49287 2.596197 2.704526 3.746692 5.193675 9.614294 13.88533 15.01636 7.720033 2.711246 1.40642 1.409397 4.686862 4.800573 5.42474 6.631471 8.588244 431.0515
-9999 -9999 -9999 -9999 -9999 -9999 -9999 -9999 -9999 -9999 -9999 -9999 -9999 83.61368 109.6923 -9999 -9999 -9999 -9999 -9999 3242.735 304.4514 140.2401 23.42418 17.66143 24.6744 44.94717 22.17564 24.04266 8.855577 10.38904 16.84682 33.83787 45.29093 53.33061 27.16666 24.65011 35.7021 47.94819 45.25345 27.77323 28.69819 56.02477 127.219 106.9649 71.37963 46.29693 51.50846 11.96325 5.575222 9.625087 10.12811 7.187547 13.85714 3.733716 3.499764 5.543505 7.906104 18.49442 27.36696 23.22624 15.23476 7.797031 20.09402 11.12342 5.907581 4.922316 9.503434 14.53527 28.34416 127.9018
-9999 -9999 -9999 -9999 -9999 -9999 -9999 -9999 -9999 -9999 -9999 -9999 -9999 -9999 -9999 -9999 -9999 -9999 -9999 -9999 -9999 284.8659 102.7362 58.0618 32.90738 16.47757 14.13048 12.44245 19.5123 17.26837 36.66984 67.07887 58.38482 57.28432 44.33585 82.25957 84.23322 63.35444 44.50291 56.71627 177.6284 71.41608 76.3793 248.6328 142.363 220.3537 232.2246 123.4252 35.18457 28.28389 34.00895 45.52876 27.38985 47.33416 19.78826 10.83161 6.084205 8.845126 23.52647 42.59504 46.08267 58.87251 76.32592 48.67579 13.55551 16.95699 21.90857 36.57044 50.06346 40.18866 113.2699
-9999 -9999 -9999 -9999 -9999 -9999 -9999 -9999 -9999 -9999 -9999 -9999 -9999 -9999 -9999 -9999 -9999 -9999 -9999 -9999 -9999 88.87036 76.59683 60.00805 33.69722 21.61314 14.26713 11.50416 17.13704 143.6549 296.5449 50.76105 83.88631 55.62181 50.07961 95.38741 389.9681 101.5735 41.25062 27.29776 45.72727 90.3004 179.2562 148.7842 192.986 321.5629 581.062 215.2052 181.5652 57.33979 54.57755 71.55383 117.2007 109.5734 18.29443 16.72067 19.61991 13.38478 10.76343 26.84821 31.12199 25.1085 76.50718 62.3779 19.13594 24.81964 23.33515 24.62941 42.46438 28.9137 37.72121
-9999 -9999 -9999 -9999 -9999 -9999 -9999 -9999 -9999 -9999 -9999 -9999 -9999 -9999 -9999 -9999 -9999 -9999 -9999 -9999 -9999 28.5585 152.773 23.0152 29.50803 96.68902 27.106 21.92755 74.59926 51.2381 34.4192 40.34599 68.61441 123.2219 61.17575 50.95403 58.93468 108.1231 59.78618 35.0658 45.59609 71.19353 119.448 112.5025 96.80006 373.2645 683.653 261.1602 213.4523 108.4293 51.19129 163.7968 87.57202 29.72532 11.1799 12.25056 15.83205 8.242826 9.263138 10.52054 17.8014 36.68462 100.4145 70.92738 45.90936 21.21114 12.65376 12.60971 13.87569 11.30977 11.75192
-9999 -9999 -9999 -9999 -9999 -9999 -9999 -9999 -9999 -9999 -9999 -9999 -9999 -9999 -9999 -9999 -9999 -9999 -9999 -9999 -9999 -9999 31.52794 82.41073 53.1215 63.93129 34.83008 29.3961 60.32641 23.84118 17.43421 48.61784 63.03006 65.10873 51.26614 52.0895 42.01358 101.3234 103.405 55.69195 40.44732 41.01701 53.15347 66.07249 68.79835 233.4361 151.0897 104.5305 106.7987 188.5361 90.48161 205.529 155.1019 56.49375 20.83734 14.02132 7.643332 7.868345 8.523075 2.365558 2.316472 28.04578 52.02213 22.97625 34.05883 17.97612 8.436167 7.148216 7.129657 8.218372 10.365
-9999 -9999 -9999 -9999 -9999 -9999 -9999 -9999 -9999 -9999 -9999 -9999 -9999 -9999 -9999 -9999 -9999 -9999 -9999 -9999 -9999 -9999 -9999 120.124 535.4968 64.11512 32.3576 40.04081 27.67017 20.64886 17.34624 30.00578 77.66167 19.86081 20.28795 30.66125 15.98141 86.30488 62.00924 85.867 72.2618 38.56629 36.66467 96.48302 142.4943 280.0283 278.2278 166.1949 60.64264 144.7381 145.9935 119.3921 69.99912 89.594 46.06836 35.25615 19.32455 11.69982 2.278209 1.563112 1.416528 10.14091 17.33483 1.024546 22.25841 30.11013 21.70933 23.40009 13.93807 28.3972 9.552457
-9999 -9999 -9999 -9999 -9999 -9999 -9999 -9999 -9999 -9999 -9999 -9999 -9999 -9999 -9999 -9999 -9999 -9999 -9999 -9999 -9999 -9999 -9999 -9999 914.5048 87.86304 68.73357 88.90094 36.28003 40.59581 19.91852 28.83378 34.10712 22.42911 17.28612 31.59885 21.44771 45.80909 62.16844 59.6746 56.7278 129.3992 253.9255 118.0745 104.8128 231.2322 125.7683 90.7164 51.45123 75.57793 50.9095 43.17947 21.39663 56.33822 71.89289 57.44803 23.61389 1.569207 1.143386 1.204927 0.6217566 3.810053 3.965842 1.024546 6.697361 20.0614 30.36389 22.50928 20.2126 17.32869 21.28028
-9999 -9999 -9999 -9999 -9999 -9999 -9999 -9999 -9999 -9999 -9999 -9999 -9999 -9999 -9999 -9999 -9999 -9999 -9999 -9999 -9999 -9999 -9999 -9999 82.66312 45.93471 129.3102 28.26616 33.3427 100.4069 91.29901 74.84163 89.69622 72.66046 48.14161 107.6939 90.57891 34.19109 103.6176 113.4588 134.4957 450.4435 571.6047 482.0598 231.4155 184.6276 191.3613 142.8587 46.48186 22.17252 12.18013 24.06809 20.76639 26.43052 26.88011 12.13749 8.532563 4.272754 0.7435807 3.079776 1.712569 0.3133461 0.1192568 0.6482447 2.974743 9.873259 14.35052 23.35987 16.19975 16.0496 17.24924
-9999 -9999 -9999 -9999 -9999 -9999 -9999 -9999 -9999 -9999 -9999 -9999 -9999 -9999 -9999 -9999 -9999 -9999 -9999 -9999 -9999 -9999 -9999 -9999 -9999 -9999 51.68348 241.5194 33.91992 46.42518 94.78225 128.6243 143.8204 63.86749 77.64885 98.25974 436.4865 163.0835 160.7298 520.7163 693.1055 2369.458 232.0025 221.2497 463.0673 548.0118 253.8279 113.1107 109.5054 47.07338 17.69139 19.81405 15.37782 20.00348 12.85416 16.8876 7.184157 10.3484 1.880914 5.185506 2.284808 0.3708364 0.4233522 0.07651976 3.921029 4.406714 8.895018 16.99496 20.69261 17.14713 12.65377
-9999 -9999 -9999 -9999 -9999 -9999 -9999 -9999 -9999 -9999 -9999 -9999 -9999 -9999 -9999 -9999 -9999 -9999 -9999 -9999 -9999 -9999 -9999 -9999 -9999 -9999 -9999 288.0611 24.68873 15.76592 25.76332 113.5192 83.97789 439.0084 269.8731 69.31161 191.2707 924.8795 242.4263 496.0877 -9999 -9999 286.14 352.2041 498.8827 996.9625 132.6207 51.02388 184.661 20.24579 7.185444 15.48257 12.17904 11.24013 9.478317 6.950691 3.902153 10.71694 17.859 9.500628 1.794193 1.619845 1.242495 3.747166 2.893846 7.115516 14.2123 9.036006 12.22792 21.48307 32.54514
-9999 -9999 -9999 -9999 -9999 -9999 -9999 -9999 -9999 -9999 -9999 -9999 -9999 -9999 -9999 -9999 -9999 -9999 -9999 -9999 -9999 -9999 -9999 -9999 -9999 -9999 -9999 -9999 114.6703 18.09611 60.61452 165.051 110.0262 -9999 -9999 105.2355 1260.204 -9999 -9999 -9999 -9999 -9999 -9999 202.8427 448.9594 1083.913 374.8641 278.1624 20.07776 35.53788 11.83735 11.75208 13.65876 21.72562 11.59604 10.06933 110.7245 25.08955 24.8331 21.99627 15.95553 5.849088 5.654956 3.300346 2.751817 6.218213 12.56339 12.56373 31.72858 34.67013 86.10379
-9999 -9999 -9999 -9999 -9999 -9999 -9999 -9999 -9999 -9999 -9999 -9999 -9999 -9999 -9999 -9999 -9999 -9999 -9999 -9999 -9999 -9999 -9999 -9999 -9999 -9999 -9999 -9999 -9999 -9999 -9999 -9999 -9999 -9999 -9999 -9999 -9999 -9999 -9999 -9999 -9999 -9999 -9999 -9999 -9999 -9999 138.3556 600.1182 24.05711 358.576 12.62557 6.901668 7.578699 8.754254 12.48308 21.1751 28.44195 63.74099 34.68708 22.86766 16.35388 7.608676 7.931694 9.067972 11.28745 13.00908 8.065801 21.06967 125.9805 161.6047 86.94142
-9999 -9999 -9999 -9999 -9999 -9999 -9999 -9999 -9999 -9999 -9999 -9999 -9999 -9999 -9999 -9999 -9999 -9999 -9999 -9999 -9999 -9999 -9999 -9999 -9999 -9999 -9999 -9999 -9999 -9999 -9999 -9999 -9999 -9999 -9999 -9999 -9999 -9999 -9999 -9999 -9999 -9999 -9999 -9999 -9999 -9999 -9999 29.88774 23.18045 22.44296 11.07504 8.53195 5.167087 4.749837 10.61257 22.24417 37.59085 38.97401 36.45947 37.13212 35.05468 14.1971 10.87286 13.16163 12.85085 26.50221 20.87084 27.20097 198.2738 110.4414 187.305
-9999 -9999 -9999 -9999 -9999 -9999 -9999 -9999 -9999 -9999 -9999 -9999 -9999 -9999 -9999 -9999 -9999 -9999 -9999 -9999 -9999 -9999 -9999 -9999 -9999 -9999 -9999 -9999 -9999 -9999 -9999 -9999 -9999 -9999 -9999 -9999 -9999 -9999 -9999 -9999 -9999 -9999 -9999 -9999 -9999 57.08076 -9999 39.72589 19.42968 16.87153 3.434464 1.996284 3.261294 2.623252 7.635078 21.90363 12.29121 18.83385 21.05231 25.14787 12.15986 11.46292 13.29188 10.35991 6.013842 13.3757 10.53491 45.17491 178.4372 152.6124 112.4609
-9999 -9999 -9999 -9999 -9999 -9999 -9999 -9999 -9999 -9999 -9999 -9999 -9999 -9999 -9999 -9999 -9999 -9999 -9999 -9999 -9999 -9999 -9999 -9999 -9999 -9999 -9999 -9999 -9999 -9999 -9999 -9999 -9999 -9999 -9999 -9999 -9999 -9999 -9999 -9999 -9999 -9999 -9999 -9999 235.2905 -9999 -9999 103.036 1.895857 2.16428 1.489943 1.724745 7.579312 4.271163 5.060615 19.4206 17.56204 16.34948 13.37813 13.64001 13.03662 16.31601 32.66537 65.8987 5.073514 6.182347 58.91097 250.6424 249.8253 183.803 680.5613
-9999 -9999 -9999 -9999 -9999 -9999 -9999 -9999 -9999 -9999 -9999 -9999 -9999 -9999 -9999 -9999 -9999 -9999 -9999 -9999 -9999 -9999 -9999 -9999 -9999 -9999 -9999 -9999 -9999 -9999 -9999 -9999 -9999 -9999 -9999 -9999 -9999 -9999 -9999 -9999 -9999 -9999 -9999 -9999 22.49224 -9999 14.34356 16.47906 3.451799 1.523828 2.271179 3.095705 7.920099 5.393031 5.063176 16.03995 42.55012 13.79575 14.11332 14.54608 11.38135 12.51881 9.995806 7.176622 10.17854 9.505297 42.6843 162.1443 257.4481 211.2681 180.0766
-9999 -9999 -9999 -9999 -9999 -9999 -9999 -9999 -9999 -9999 -9999 -9999 -9999 -9999 -9999 -9999 -9999 -9999 -9999 -9999 -9999 -9999 -9999 -9999 -9999 -9999 -9999 -9999 -9999 -9999 -9999 -9999 -9999 -9999 -9999 -9999 -9999 -9999 -9999 -9999 -9999 -9999 -9999 129.9056 -9999 -9999 4.508382 4.153224 1.989779 2.642567 4.729573 28.60808 4.954141 3.946969 8.950291 17.28784 15.81858 9.80099 3.084263 4.752993 9.400052 9.18339 8.345833 7.486491 11.32908 15.68592 108.9221 501.6957 411.5733 167.6306 893.8851
-9999 -9999 -9999 -9999 -9999 -9999 -9999 -9999 -9999 -9999 -9999 -9999 -9999 -9999 -9999 -9999 -9999 -9999 -9999 -9999 -9999 -9999 -9999 -9999 -9999 -9999 -9999 -9999 -9999 -9999 -9999 -9999 -9999 -9999 -9999 -9999 -9999 -9999 -9999 -9999 -9999 -9999 -9999 -9999 -9999 -9999 -9999 1.246238 2.327688 4.389575 6.223129 10.99255 5.320872 3.529686 21.07645 9.798536 11.89284 8.955129 6.334658 5.434771 0.4812681 0.09999188 0.8210719 22.27758 14.50164 14.38366 243.7612 511.5823 378.8983 109.9717 408.4001
-9999 -9999 -9999 -9999 0 156.1485 -9999 -9999 -9999 -9999 -9999 -9999 -9999 -9999 -9999 -9999 -9999 -9999 -9999 -9999 -9999 -9999 -9999 -9999 -9999 -9999 -9999 -9999 -9999 -9999 -9999 -9999 -9999 -9999 -9999 -9999 -9999 -9999 -9999 -9999 -9999 -9999 -9999 -9999 -9999 -9999 -9999 -9999 1.07373 4.968318 10.30392 12.88432 4.873869 0.9032254 7.16449 23.74887 11.0911 9.740306 7.0112 8.117553 0.6556051 -9999 1.187596 14.02569 28.76479 19.3921 60.55212 564.762 218.0905 65.69323 149.801
66.46844 32.58432 -9999 -9999 -9999 -9999 -9999 -9999 -9999 -9999 -9999 -9999 -9999 -9999 -9999 -9999 -9999 -9999 -9999 -9999 -9999 -9999 -9999 -9999 -9999 -9999 -9999 -9999 -9999 -9999 -9999 -9999 -9999 -9999 -9999 -9999 -9999 -9999 -9999 -9999 -9999 -9999 -9999 -9999 -9999 -9999 -9999 -9999 -9999 130.2273 21.55168 28.97506 12.28392 653.4644 21.80485 24.7871 54.73138 47.3895 35.49923 44.56927 38.20313 7.772488 1.13307 11.6011 36.92169 23.27588 34.95414 277.1289 85.524 19.64863 82.19572
41.75429 25.23064 220.1331 -9999 -9999 -9999 -9999 -9999 -9999 -9999 -9999 -9999 -9999 -9999 -9999 -9999 -9999 -9999 -9999 -9999 -9999 -9999 -9999 -9999 -9999 -9999 -9999 -9999 -9999 -9999 -9999 -9999 -9999 -9999 -9999 -9999 -9999 -9999 -9999 -9999 -9999 -9999 -9999 -9999 -9999 -9999 -9999 -9999 -9999 13.26768 135.683 65.98795 36.48219 30.33797 22.66408 29.63331 70.65691 41.66996 52.86301 68.2819 179.1527 41.98722 26.18446 25.65573 53.48533 38.14299 30.63755 50.25666 20.3194 25.79369 51.48188
