data/gpw-v4-population-density-adjusted-to-2015-unwpp-country-totals-rev11_2020_1_deg_asc/gpw_v4_population_density_adjusted_to_2015_unwpp_country_totals_rev11_2020_1_deg.asc
ncols         360
nrows         180
xllcorner     -180
yllcorner     -89.999999999999
cellsize      1.0000000000001
NODATA_value  -9999
[rows 0 to 31 of 180, columns 213 to 283 of 360]
-9999 -9999 -9999 -9999 -9999 -9999 -9999 -9999 -9999 -9999 -9999 -9999 -9999 -9999 -9999 -9999 -9999 -9999 -9999 -9999 -9999 -9999 -9999 -9999 -9999 -9999 -9999 -9999 -9999 -9999 -9999 -9999 -9999 -9999 -9999 -9999 -9999 -9999 -9999 -9999 -9999 -9999 -9999 -9999 -9999 -9999 -9999 -9999 -9999 -9999 -9999 -9999 -9999 -9999 -9999 -9999 -9999 -9999 -9999 -9999 -9999 -9999 -9999 -9999 -9999 -9999 -9999 -9999 -9999 -9999 -9999
-9999 -9999 -9999 -9999 -9999 -9999 -9999 -9999 -9999 -9999 -9999 -9999 -9999 -9999 -9999 -9999 -9999 -9999 -9999 -9999 -9999 -9999 -9999 -9999 -9999 -9999 -9999 -9999 -9999 -9999 -9999 -9999 -9999 -9999 -9999 -9999 -9999 -9999 -9999 -9999 -9999 -9999 -9999 -9999 -9999 -9999 -9999 -9999 -9999 -9999 -9999 -9999 -9999 -9999 -9999 -9999 -9999 -9999 -9999 -9999 -9999 -9999 -9999 -9999 -9999 -9999 -9999 -9999 -9999 -9999 -9999
-9999 -9999 -9999 -9999 -9999 -9999 -9999 -9999 -9999 -9999 -9999 -9999 -9999 -9999 -9999 -9999 -9999 -9999 -9999 -9999 -9999 -9999 -9999 -9999 -9999 -9999 -9999 -9999 -9999 -9999 -9999 -9999 -9999 -9999 -9999 -9999 -9999 -9999 -9999 -9999 -9999 -9999 -9999 -9999 -9999 -9999 -9999 -9999 -9999 -9999 -9999 -9999 -9999 -9999 -9999 -9999 -9999 -9999 -9999 -9999 -9999 -9999 -9999 -9999 -9999 -9999 -9999 -9999 -9999 -9999 -9999
-9999 -9999 -9999 -9999 -9999 -9999 -9999 -9999 -9999 -9999 -9999 -9999 -9999 -9999 -9999 -9999 -9999 -9999 -9999 -9999 -9999 -9999 -9999 -9999 -9999 -9999 -9999 -9999 -9999 -9999 -9999 -9999 -9999 -9999 -9999 -9999 -9999 -9999 -9999 -9999 -9999 -9999 -9999 -9999 -9999 -9999 -9999 -9999 -9999 -9999 -9999 -9999 -9999 -9999 -9999 -9999 -9999 -9999 -9999 -9999 -9999 -9999 -9999 -9999 -9999 -9999 -9999 -9999 -9999 -9999 -9999
-9999 -9999 -9999 -9999 -9999 -9999 -9999 -9999 -9999 -9999 -9999 -9999 -9999 -9999 -9999 -9999 -9999 -9999 -9999 -9999 -9999 -9999 -9999 -9999 -9999 -9999 -9999 -9999 -9999 -9999 -9999 -9999 -9999 -9999 -9999 -9999 -9999 -9999 -9999 -9999 -9999 -9999 -9999 -9999 -9999 -9999 -9999 -9999 -9999 -9999 -9999 -9999 -9999 -9999 -9999 -9999 -9999 -9999 -9999 -9999 -9999 -9999 -9999 -9999 -9999 -9999 -9999 -9999 -9999 -9999 -9999
-9999 -9999 -9999 -9999 -9999 -9999 -9999 -9999 -9999 -9999 -9999 -9999 -9999 -9999 -9999 -9999 -9999 -9999 -9999 -9999 -9999 -9999 -9999 -9999 -9999 -9999 -9999 -9999 -9999 -9999 -9999 -9999 -9999 -9999 -9999 -9999 -9999 -9999 -9999 -9999 -9999 -9999 -9999 -9999 -9999 -9999 -9999 -9999 -9999 -9999 -9999 -9999 -9999 -9999 -9999 -9999 -9999 -9999 -9999 -9999 -9999 -9999 -9999 -9999 -9999 -9999 -9999 -9999 -9999 -9999 -9999
-9999 -9999 -9999 -9999 -9999 -9999 -9999 -9999 -9999 -9999 -9999 -9999 -9999 -9999 -9999 -9999 -9999 -9999 -9999 -9999 -9999 -9999 -9999 -9999 -9999 -9999 -9999 -9999 -9999 -9999 -9999 -9999 -9999 -9999 -9999 -9999 -9999 -9999 -9999 -9999 -9999 -9999 -9999 -9999 -9999 -9999 -9999 -9999 -9999 -9999 -9999 -9999 -9999 -9999 -9999 -9999 -9999 -9999 -9999 -9999 -9999 -9999 -9999 -9999 -9999 -9999 -9999 -9999 -9999 -9999 -9999
-9999 -9999 -9999 -9999 -9999 -9999 -9999 -9999 -9999 -9999 -9999 -9999 -9999 -9999 -9999 -9999 -9999 -9999 -9999 -9999 -9999 -9999 -9999 -9999 -9999 -9999 -9999 -9999 -9999 -9999 -9999 -9999 -9999 -9999 -9999 -9999 -9999 -9999 -9999 -9999 -9999 -9999 -9999 -9999 -9999 -9999 -9999 -9999 -9999 -9999 -9999 -9999 -9999 -9999 -9999 -9999 -9999 -9999 -9999 -9999 -9999 -9999 -9999 -9999 -9999 -9999 -9999 -9999 -9999 -9999 -9999
-9999 -9999 -9999 -9999 -9999 -9999 -9999 -9999 -9999 -9999 -9999 -9999 -9999 -9999 -9999 -9999 -9999 0.03661998 0.03662001 -9999 -9999 0.03661998 0.03662 0.03661999 0.03661998 0.03661999 0.03661998 0.03662 0.03662 0.03661992 0.03662001 0.03662001 0.03662001 -9999 -9999 -9999 -9999 -9999 -9999 -9999 -9999 -9999 -9999 -9999 -9999 -9999 -9999 -9999 -9999 -9999 -9999 -9999 -9999 -9999 -9999 -9999 -9999 0.04289765 0.04289762 -9999 0.04289765 0.04289765 0.04289765 0.04289765 -9999 -9999 -9999 -9999 -9999 -9999 -9999
0 -9999 -9999 0.1251711 -9999 -9999 -9999 -9999 -9999 -9999 -9999 0.03661979 0.03662 0.03661999 0.03662 0.03662 0.03662 0.03662 0.03661997 0.03661998 0.03662 0.03662 0.03662 0.03661998 0.03662 0.03662 0.03661999 0.03661999 0.03661999 0.03661995 0.03662 0.03662001 0.03661999 -9999 -9999 -9999 -9999 -9999 -9999 -9999 -9999 -9999 -9999 -9999 -9999 0.04289764 0.04289765 -9999 -9999 -9999 -9999 -9999 -9999 -9999 -9999 -9999 -9999 0.04289765 0.04289765 0.04289765 0.04289765 0.04289765 0.04289765 0.04289765 0.04289765 0.04289764 0.04289765 -9999 -9999 -9999 -9999
-9999 -9999 -9999 -9999 -9999 -9999 -9999 -9999 -9999 -9999 -9999 -9999 -9999 -9999 -9999 -9999 -9999 0.03662 0.03661995 -9999 -9999 -9999 -9999 -9999 -9999 0.03661999 0.03661992 0.03662001 -9999 -9999 -9999 -9999 -9999 -9999 -9999 -9999 -9999 -9999 -9999 -9999 -9999 -9999 -9999 0.04289765 0.04289765 -9999 -9999 -9999 -9999 -9999 -9999 -9999 -9999 -9999 -9999 -9999 -9999 0.04289765 0.04289765 0.04289765 0.04289765 0.04289765 0.04289765 0.04289765 0.04289765 0.04289765 0.04289765 0.04289765 0.04289765 0.04289765 0.04289765
-9999 -9999 -9999 -9999 -9999 -9999 -9999 -9999 -9999 -9999 -9999 -9999 -9999 -9999 -9999 -9999 -9999 -9999 -9999 -9999 -9999 -9999 -9999 -9999 -9999 -9999 -9999 -9999 -9999 -9999 -9999 -9999 -9999 -9999 -9999 -9999 -9999 -9999 -9999 -9999 -9999 -9999 -9999 -9999 -9999 -9999 -9999 -9999 -9999 -9999 -9999 -9999 -9999 -9999 -9999 -9999 -9999 -9999 -9999 -9999 0.04289759 -9999 0.04289765 0.04289765 0.04289765 0.04289763 0.04289765 0.04289765 0.04289765 0.04289765 0.04289765
-9999 -9999 -9999 -9999 -9999 -9999 -9999 -9999 -9999 -9999 -9999 -9999 -9999 -9999 -9999 -9999 -9999 -9999 -9999 -9999 -9999 -9999 -9999 -9999 -9999 -9999 -9999 -9999 -9999 -9999 -9999 -9999 -9999 -9999 0.03662 -9999 -9999 -9999 -9999 -9999 -9999 -9999 -9999 -9999 -9999 -9999 -9999 -9999 -9999 0.04289764 -9999 -9999 -9999 -9999 -9999 0.04289765 0.04289765 0.04289764 0.04289765 0.04289765 -9999 -9999 0.04289765 0.04289765 -9999 -9999 0.04289762 0.04289765 0.04289765 0.04289765 0.04289765
-9999 -9999 -9999 -9999 -9999 -9999 -9999 -9999 -9999 -9999 -9999 -9999 -9999 -9999 -9999 -9999 -9999 -9999 -9999 -9999 -9999 -9999 -9999 -9999 -9999 0.03662 0.03662 0.03662 0.03662001 0.03662 0.03662 0.03662 0.03662 0.03662 0.03662 0.03662 0.03662001 -9999 -9999 -9999 -9999 -9999 -9999 -9999 -9999 -9999 -9999 -9999 -9999 -9999 -9999 -9999 -9999 -9999 -9999 0.04289765 0.04289765 -9999 0.04289765 0.04289759 0.04289765 0.04289764 0.04289765 0.04289765 0.04289765 0.04289765 0.04289765 0.04289765 0.04289765 0.04289765 0.04289765
-9999 -9999 -9999 -9999 -9999 -9999 -9999 -9999 -9999 -9999 -9999 -9999 -9999 -9999 -9999 -9999 -9999 -9999 -9999 -9999 -9999 -9999 0.03662001 0.03662001 0.03662 0.03662 0.03662 0.03662001 0.03662 0.03662001 0.03662001 0.03662001 0.03662 0.03662001 -9999 -9999 -9999 -9999 -9999 -9999 -9999 -9999 -9999 -9999 -9999 -9999 -9999 -9999 0.04289765 0.04289765 0.04289765 -9999 -9999 0.04289765 0.04289766 0.04289765 0.04289765 0.04289765 0.04289765 0.04289765 0.04289765 0.04289765 0.04289765 0.04289765 0.04289765 0.04289766 0.04289765 0.04289765 0.04289765 0.04289765 0.04289765
-9999 -9999 -9999 -9999 -9999 -9999 -9999 -9999 -9999 -9999 -9999 -9999 -9999 -9999 -9999 -9999 -9999 -9999 -9999 -9999 -9999 0.03662001 0.03662 0.03662 0.03662001 0.03662001 0.03662 0.03662001 -9999 -9999 -9999 -9999 -9999 -9999 -9999 -9999 -9999 -9999 -9999 -9999 -9999 -9999 -9999 -9999 -9999 -9999 0.04289764 -9999 -9999 0.04289765 0.04289765 0.04289765 0.04289765 0.04289765 0.04289765 0.04289765 0.04289765 0.04289765 0.04289765 0.04289765 0.04289765 0.04289765 0.04289765 0.04289765 0.04289765 0.04289765 0.04289765 0.04289765 0.04289765 0.04289765 0.04289765
-9999 -9999 -9999 -9999 -9999 -9999 -9999 -9999 -9999 -9999 -9999 -9999 -9999 -9999 -9999 -9999 -9999 -9999 -9999 -9999 0.03662 0.03662 0.03662001 0.03662001 0.03662001 0.03662001 -9999 -9999 -9999 -9999 -9999 -9999 -9999 -9999 -9999 -9999 0.8974558 0.8974558 0.8974558 -9999 -9999 0.8974558 0.8974557 0.8974558 -9999 0.04289765 0.04289765 0.04289765 0.04289765 0.04289765 0.04289765 0.04289765 0.04289765 0.04289765 0.04289765 0.04289765 0.04289765 0.04289765 0.04289765 0.04289765 0.04289765 0.04289765 0.04289765 0.04289765 0.04289765 0.04289765 0.04289765 0.04289765 0.04289765 0.04289765 0.04289765
-9999 -9999 -9999 -9999 -9999 -9999 -9999 -9999 -9999 -9999 -9999 -9999 -9999 -9999 -9999 -9999 -9999 -9999 0.03662 0.03662001 0.03662001 0.03662 0.03662001 0.03662001 -9999 -9999 -9999 -9999 -9999 -9999 -9999 -9999 -9999 -9999 -9999 0.8974559 0.8974559 0.8974558 0.8974558 0.8974558 -9999 0.8974558 0.8974557 0.8974558 0.8974557 0.5855811 0.1160463 0.04289765 0.04289765 0.04289765 0.04289765 0.04289765 0.04289765 0.04289765 0.04289765 0.04289765 0.04289765 0.04289765 0.04289765 0.04289765 0.04289765 0.04289765 0.04289765 0.04289765 0.04289765 0.04289765 0.04289765 0.04289765 0.04289765 0.04289765 0.04289765
-9999 -9999 -9999 -9999 -9999 -9999 -9999 -9999 -9999 -9999 -9999 -9999 -9999 -9999 -9999 -9999 -9999 -9999 0.03662 0.03662001 0.03662001 0.03662 0.03662001 0.03662 -9999 -9999 -9999 -9999 -9999 -9999 -9999 -9999 -9999 0.8974558 0.8974558 0.8974558 0.8974558 0.8974558 0.8974558 0.8974558 0.8974558 0.8974558 0.8974557 0.8974558 0.8974558 0.8974558 0.6441755 0.1194388 0.04289765 0.04289765 0.04289765 0.04289765 0.04289765 0.04289765 0.04289765 0.04289765 0.04289765 0.04289765 0.04289765 0.04289765 0.04289765 0.04289766 0.04289765 0.04289765 0.04289765 0.04289765 0.04289765 0.04289765 0.04289765 0.04289765 0.04289765
-9999 -9999 -9999 -9999 -9999 -9999 -9999 -9999 -9999 -9999 -9999 -9999 -9999 -9999 -9999 -9999 -9999 -9999 -9999 0.03662001 0.03662001 0.03662001 0.03662001 0.03662 0.03662 0.1133039 0.1133039 0.1133039 -9999 -9999 -9999 -9999 -9999 0.8974558 0.8974558 0.8974558 0.8974558 0.8974557 0.8974558 0.8974558 0.8974558 0.8974558 0.8974558 0.8974558 0.8974558 0.8974558 0.7671593 0.381738 0.04289765 0.04289765 0.04289765 0.04289765 0.04289765 0.04289765 0.04289765 0.04289765 0.04289765 0.04289765 0.04289765 0.04289765 0.04289765 0.04289765 0.04289765 0.04289765 0.04289765 0.04289765 0.04289765 0.04289765 0.04289765 0.04289765 0.04289765
73.94215 1.477452 1.477452 1.36841 -9999 -9999 -9999 -9999 -9999 -9999 -9999 -9999 -9999 -9999 -9999 0.1133039 0.1133039 0.1133039 -9999 -9999 -9999 -9999 -9999 -9999 -9999 0.1133039 0.1133039 0.1133039 0.1133039 0.1133039 0.1133039 0.2205672 0.8840733 0.8974558 0.8974558 0.8974558 0.8974557 0.8974558 0.8974558 0.8974558 0.8974558 0.8974558 0.8974558 0.8974558 0.8974558 0.8946354 0.5420955 0.3107097 0.2957668 0.1056833 0.04289765 0.04289765 0.04289765 0.04289765 22.01294 21.51625 0.04289765 0.04289765 0.04289765 0.04289765 0.04289765 0.04259954 0.03653368 0.03183411 0.02752448 0.02566418 0.0238458 0.02728526 0.02943017 0.03336373 0.03503814
58.76097 0.628109 0.5231507 0.2586083 0.2039286 0.2190095 2.189029 -9999 -9999 -9999 0.1133039 0.1133039 0.1133039 0.1133039 -9999 0.1133039 0.1133039 0.1133039 0.1133039 0.1133039 0.1133039 0.1133039 0.1133039 0.1133039 0.1133039 0.1133039 0.1133039 0.1133039 0.1133039 0.1133039 0.1330026 1.089271 1.160087 0.8974558 0.8974558 0.8974558 0.8974558 0.8974558 0.8974558 0.8974558 0.8974558 0.8974558 0.8974558 0.8974558 0.8974557 0.8974558 0.8974558 0.8974558 0.8974558 0.5668784 0.0460168 0.04289766 0.04393605 0.04542725 1.253344 0.04289765 0.04289765 0.04289765 0.04289766 0.04052115 0.0333399 0.02636575 0.02069341 0.02069341 0.02069341 0.02069341 0.02069341 0.02069341 0.02069341 0.02069341 0.02069341
15.5165 3.981302 0.219801 0.2039286 0.2039286 0.2039286 0.3333455 0.2988672 0.2536172 -9999 0.1133039 0.1133039 0.1133039 0.1133039 0.1133039 0.1133039 0.1133039 0.1133039 0.1134161 0.7969577 4.22298 0.1137917 0.113805 0.1138313 0.1138541 0.113861 0.1137243 0.1138393 0.2567717 1.336148 2.998903 3.889728 2.962629 1.040015 0.8974558 0.8974558 0.8974558 0.8974558 0.8974558 0.8974558 0.8974558 0.8974557 0.8974558 0.8974558 0.8974558 0.8974558 0.8974558 0.8974558 0.8683647 0.2807518 0.08171394 0.06132926 0.08018921 0.08424416 0.06726652 0.06117962 0.06238816 0.05999143 0.03289765 0.02110481 0.02069341 0.02069341 0.02069341 0.02069341 0.02069341 0.02069341 0.02069342 0.02069341 0.02069341 0.02069341 0.02069341
0.7433769 0.3881068 0.2996858 0.2925385 0.2823703 0.2620556 0.2575749 0.2139893 0.2609127 0.2837995 0.2837996 0.1846983 0.1377171 0.1175077 0.1136296 0.1330077 0.1540729 0.1975327 0.2486969 0.2763371 0.5312368 1.331217 1.375746 1.375746 1.375746 1.317678 1.009153 1.008792 1.026685 2.407724 2.591554 1.675612 0.9461467 0.8974558 0.8974559 0.8974558 0.8974558 0.8974558 0.8974557 0.8974558 0.8974558 0.8974559 0.8974558 0.8974557 0.8974558 0.8974558 0.8974557 0.8974558 0.8974558 0.8854768 0.2595147 0.08950463 0.08950464 0.08950463 0.08950463 0.08922739 0.05829363 0.03093909 0.02069341 0.02069341 0.02069341 0.02069341 0.02069341 0.02069341 0.02069341 0.02069341 0.02069342 0.02069341 0.02069341 0.02069341 0.02069341
1.452158 1.809249 1.172657 1.170313 1.170313 -9999 1.170313 1.120709 0.7118491 0.4254217 0.3725188 0.2918507 0.2764003 0.270039 0.2524543 0.2740448 0.2731316 0.276336 0.2763371 0.31173 0.8404352 0.9854584 1.487265 1.592393 1.627167 1.632159 1.214843 1.094626 1.9874 1.853146 0.8974558 0.8974558 0.8974558 0.8974558 0.8974558 0.8974558 0.8974558 0.8974558 0.8974558 0.8974557 0.8974558 0.8974558 0.8974557 0.8974558 0.8974558 0.8974557 0.8974558 0.8974558 0.8974558 0.8974558 0.8068239 0.3272685 0.08950463 0.08950463 0.08950463 0.08311619 0.03314692 0.02069341 0.02069341 0.02069341 0.02069341 0.02069341 0.02069341 0.02069341 0.02069342 0.02069341 0.02069341 0.02069342 0.02069341 0.02069341 0.02069341
1.950186 1.857537 1.411847 1.244774 1.256794 2.265534 50.77938 85.53781 1.273988 1.102743 0.8901498 0.7352628 0.4159149 0.3312862 0.3449559 0.3356449 0.3807718 0.4340648 0.6498094 3.310097 2.50846 1.649004 2.038308 1.387916 1.101431 1.080703 1.74945 3.254276 3.295996 2.9499 1.84682 1.905363 2.227116 2.144753 1.133724 1.483903 1.88013 1.363034 0.8974558 0.8974558 0.8974558 0.8974557 0.8974558 0.8974558 0.8974558 0.8974558 0.8974558 0.8974558 0.8974558 0.8974558 0.8974558 0.8557494 0.6871544 0.08970115 0.08950463 0.08950463 0.0753526 0.05782616 0.0430255 0.02128915 0.02069341 0.02069341 0.02069341 0.02069342 0.02069341 0.02069341 0.02069341 0.02069341 0.02069341 0.02069342 0.02069341
3.038648 3.772775 2.833032 1.637636 1.408602 1.41091 1.520249 2.028144 1.979831 1.366534 1.004762 0.8714394 0.7955027 0.7340171 0.5268474 0.496643 0.5160269 0.7443283 0.8312268 3.346087 6.959751 3.503721 2.023756 0.7687221 0.4880459 0.4670239 2.120978 3.295996 3.295996 3.295996 3.295996 3.295996 3.295996 3.295996 3.295996 3.295996 3.295996 3.135209 2.105569 1.693931 1.553264 1.097456 1.11302 0.9350908 0.8974558 0.8974558 0.8974558 1.031203 0.9176397 0.8974557 0.8974558 0.8974558 0.4506613 0.08950464 0.08950463 0.08950462 0.08950463 0.08950463 0.07890625 0.02407224 0.02069341 0.02069341 0.02069341 0.02069341 0.02069341 0.02069341 0.02069341 0.02069342 0.02069341 0.02069341 0.02069341
4.913377 5.044896 2.223928 1.653437 1.633948 1.73293 1.77435 4.723348 3.089412 1.259732 1.201259 0.9313373 0.7827356 0.8408595 0.7654724 0.9223895 2.783711 1.998727 0.8821264 0.8730859 2.32276 2.858877 0.6602692 0.3052984 0.3052984 0.3052984 1.897049 3.295996 3.295996 3.295996 3.295996 3.295996 3.295996 3.295996 3.295996 3.295996 3.295996 3.295996 3.295996 3.295996 3.295996 3.295996 3.295996 3.272686 2.518881 2.206382 2.40434 3.152936 2.875972 2.655534 2.084848 1.102118 0.1779977 0.08950463 0.08950463 0.08950463 0.08950463 0.06630342 0.0299649 0.02069341 0.02069341 0.02069341 0.02069341 0.02069341 0.02069341 0.02069341 0.02069342 0.02069341 0.02069341 0.02069341 0.02069341
3.541476 56.04095 4.126186 1.79413 1.834775 1.772622 2.186138 3.211005 4.334681 3.636437 2.529712 2.127219 2.257167 13.61606 8.479213 1.599401 2.681925 39.19876 1.740126 0.8997112 0.9394748 0.8841259 0.8830456 0.7161953 0.7075063 0.7583826 1.175382 1.740412 2.008148 2.783603 3.295996 3.295996 3.295996 3.295996 3.295996 3.295996 3.295996 3.295996 3.295996 3.295996 3.295996 3.295996 3.295996 3.295996 3.295996 3.295996 3.295996 3.295996 3.295996 3.295996 3.255766 2.958881 1.322603 0.1492653 0.1441378 0.1332276 0.09026226 0.07558431 0.02171355 0.04711901 0.04882778 0.04515748 0.0242916 0.02069341 0.02069341 0.02069341 0.02069341 0.02069341 0.02069341 0.02069341 0.02069341
8.664425 6.382691 3.118862 2.359875 2.429668 2.633561 3.144536 3.096564 2.856177 3.220242 2.45529 1.929416 4.895085 5.68368 3.336413 2.14917 1.481019 1.057938 1.007279 2.823009 3.087171 3.106797 1.515619 1.279907 1.30407 1.330645 6.722713 4.533267 2.115927 0.8190251 2.85643 3.295996 3.295996 3.295996 3.295996 3.295996 3.295996 3.295996 3.295996 3.295996 3.295996 3.295996 3.295996 2.979713 8.243835 0.9459879 1.157402 1.068895 1.35192 1.080714 0.3862381 0.4520547 0.2451274 0.2451274 0.2451274 0.2451274 0.2310834 0.2096017 0.1889717 0.2184569 0.2258159 0.2244751 0.06403098 0.02069341 0.02069341 0.02069341 0.06281316 0.02095911 0.02069341 0.02069341 0.02069341
7.911613 8.168311 4.772672 3.562177 49.43625 12.44191 56.05907 9.539607 4.618587 2.758576 1.852377 2.18322 2.694544 2.652801 2.132656 2.735217 3.763227 1.822452 2.384012 3.600842 3.005977 3.315615 3.191195 42.76474 5.755149 6.204728 4.976748 19.38603 7.738501 0.5629412 0.6284888 2.191962 3.065967 3.295996 3.040385 2.017441 0.6910199 0.7874557 1.229855 2.523256 3.295582 3.295996 2.99963 1.313274 0.2808646 0.2867242 0.2836666 0.2642411 0.2673969 0.3075531 0.7210352 0.4413067 0.388431 0.3944253 0.3375432 0.2755982 0.2451274 0.2451274 0.2373261 0.2264857 0.2258293 0.3952656 0.5372952 0.4823761 0.5755727 0.67169 0.794342 0.5372045 0.4529467 0.2660018 0.06389714
10.26375 8.737319 5.495655 5.078406 5.926727 7.092973 8.889707 7.277139 8.993371 5.4374 2.950278 4.908138 7.597818 3.216068 3.20475 9.10833 79.25237 18.70141 5.919176 22.05516 7.003718 9.402826 19.98695 36.65237 19.36868 10.30124 28.28989 13.09887 5.520092 3.36992 2.220956 1.44082 4.476615 2.389318 1.623241 19.60181 0.8559307 1.052742 0.6538361 0.4676194 1.034762 1.859278 1.008287 0.2605349 0.272958 0.287616 0.3006162 0.4050344 1.295153 2.150267 2.42017 0.5349603 0.4378396 0.7124429 0.6204759 0.2865984 0.2451274 0.2451274 0.2451274 12.71569 1.080294 0.835305 0.8503653 0.8608866 0.8608866 0.8162924 0.6899775 0.632022 0.5892579 7.476546 0.4705004
